x,y,z
5.1251,33.386,1.325
5.3447,34.192,1.325
11.202,28.92,1.325
11.422,27.017,1.325
12.007,33.899,1.325
12.081,29.286,1.325
12.154,31.995,1.325
12.3,33.167,1.325
13.179,29.359,1.325
13.472,30.092,1.325
13.838,24.527,1.325
13.838,29.14,1.325
13.984,30.018,1.325
14.863,21.965,1.325
15.741,27.822,1.325
18.743,26.431,1.325
19.622,24.674,1.325
19.915,23.868,1.325
4.1733,34.119,1.325
5.8573,24.674,1.325
9.3716,27.163,1.325
9.5913,28.481,1.325
11.348,25.479,1.325
11.348,29.652,1.325
11.715,24.967,1.325
12.74,31.776,1.325
13.179,34.558,1.325
13.252,28.334,1.325
13.472,32.435,1.325
14.277,32.508,1.325
14.936,32.068,1.325
16.693,26.504,1.325
16.84,30.165,1.325
19.036,27.09,1.325
19.549,23.063,1.325
19.915,21.745,1.325
20.5,22.258,1.325
20.94,22.331,1.325
21.379,20.354,1.325
7.2484,24.234,1.325
7.468,25.186,1.325
7.6876,25.772,1.325
8.9323,23.429,1.325
10.25,23.502,1.325
10.909,24.308,1.325
10.909,26.797,1.325
11.422,28.042,1.325
11.861,26.211,1.325
12.007,28.188,1.325
12.227,27.676,1.325
12.3,28.701,1.325
12.373,25.992,1.325
12.447,34.558,1.325
12.666,27.456,1.325
12.74,26.797,1.325
13.398,27.163,1.325
13.618,27.602,1.325
13.911,23.356,1.325
14.204,28.92,1.325
14.497,31.336,1.325
15.082,33.02,1.325
16.327,27.749,1.325
16.327,30.092,1.325
17.352,27.017,1.325
17.352,30.531,1.325
17.791,28.408,1.325
17.865,29.652,1.325
18.157,26.504,1.325
18.231,27.749,1.325
18.597,23.575,1.325
18.816,22.697,1.325
18.816,25.186,1.325
19.329,26.651,1.325
19.475,19.988,1.325
20.281,20.866,1.325
21.525,21.233,1.325
5.0519,35.144,1.325
5.3447,36.681,1.325
5.7108,27.309,1.325
6.0769,26.358,1.325
6.1501,26.87,1.325
6.2966,25.333,1.325
7.3216,23.649,1.325
7.8341,23.722,1.325
8.5662,26.211,1.325
9.3716,25.113,1.325
9.9573,26.577,1.325
12.74,22.697,1.325
13.106,23.429,1.325
13.106,25.479,1.325
13.545,26.211,1.325
14.204,28.408,1.325
14.277,27.236,1.325
14.643,24.6,1.325
14.79,29.872,1.325
14.863,30.604,1.325
14.936,27.968,1.325
15.229,27.309,1.325
15.302,31.19,1.325
15.522,30.165,1.325
15.595,23.575,1.325
15.595,28.92,1.325
16.107,31.19,1.325
16.4,23.283,1.325
17.059,29.067,1.325
17.132,28.115,1.325
19.109,25.918,1.325
19.183,27.749,1.325
20.72,20.061,1.325
20.866,19.109,1.325
3.3679,30.311,1.325
5.4912,25.992,1.325
5.784,26.651,1.325
6.2966,23.575,1.325
7.1751,25.918,1.325
7.6876,26.943,1.325
8.3466,24.381,1.325
8.6395,26.943,1.325
9.0787,25.772,1.325
9.2984,22.624,1.325
9.8841,27.676,1.325
10.104,23.942,1.325
10.689,28.261,1.325
10.909,25.113,1.325
11.348,26.284,1.325
12.227,23.868,1.325
12.52,28.042,1.325
12.813,21.452,1.325
14.131,24.381,1.325
14.936,29.433,1.325
15.815,29.726,1.325
16.107,28.334,1.325
16.547,24.161,1.325
17.132,20.647,1.325
18.084,25.625,1.325
18.524,24.527,1.325
19.036,24.674,1.325
19.109,21.818,1.325
20.427,23.429,1.325
21.891,20.647,1.325
3.4411,30.897,1.325
3.4411,32.727,1.325
4.2465,32.068,1.325
4.3929,26.065,1.325
4.4662,30.238,1.325
5.1983,29.799,1.325
5.2715,25.406,1.325
5.6376,24.308,1.325
6.5894,24.893,1.325
8.3466,28.261,1.325
8.4198,27.236,1.325
9.0055,28.334,1.325
9.4448,23.868,1.325
9.7377,26.065,1.325
10.25,25.699,1.325
10.323,24.527,1.325
10.47,27.456,1.325
11.129,23.502,1.325
12.154,35.29,1.325
12.3,22.77,1.325
12.3,25.186,1.325
12.886,24.527,1.325
13.691,25.625,1.325
14.204,25.552,1.325
14.497,26.504,1.325
14.863,27.383,1.325
15.961,22.77,1.325
16.034,26.651,1.325
16.986,29.652,1.325
17.059,27.456,1.325
17.206,26.211,1.325
17.499,21.745,1.325
18.45,21.452,1.325
18.45,25.259,1.325
19.841,26.504,1.325
19.915,21.013,1.325
4.1001,27.676,1.325
4.1733,33.093,1.325
4.2465,29.213,1.325
4.3197,34.265,1.325
4.5394,35.949,1.325
4.6858,32.581,1.325
5.0519,25.04,1.325
5.418,28.92,1.325
5.5644,27.822,1.325
6.2966,28.701,1.325
6.7358,29.433,1.325
7.2484,24.893,1.325
7.2484,26.651,1.325
7.5412,27.602,1.325
9.4448,24.454,1.325
12.373,26.431,1.325
13.252,21.818,1.325
13.398,22.477,1.325
13.765,21.745,1.325
14.35,23.722,1.325
15.229,24.088,1.325
15.522,26.577,1.325
15.595,25.552,1.325
15.595,27.383,1.325
15.961,20.647,1.325
16.254,21.965,1.325
16.327,25.992,1.325
16.693,27.749,1.325
17.425,24.967,1.325
17.499,23.063,1.325
17.572,21.013,1.325
18.084,24.527,1.325
19.256,20.793,1.325
20.427,18.963,1.325
5.418,31.117,1.325
6.9555,28.408,1.325
7.5412,28.334,1.325
9.518,28.847,1.325
10.323,22.99,1.325
14.863,25.479,1.325
15.522,20.94,1.325
15.888,24.967,1.325
16.474,22.477,1.325
16.62,21.452,1.325
16.693,25.479,1.325
16.693,31.556,1.325
16.766,19.988,1.325
17.132,19.183,1.325
17.206,22.624,1.325
17.352,23.502,1.325
17.865,24.234,1.325
18.157,18.743,1.325
18.377,20.208,1.325
18.816,19.768,1.325
19.768,18.963,1.325
20.574,25.04,1.325
3.4411,31.849,1.325
4.6858,31.556,1.325
6.5162,27.749,1.325
7.8341,28.115,1.325
7.9073,29.067,1.325
8.5662,28.774,1.325
9.4448,27.309,1.325
13.984,22.843,1.325
16.181,20.94,1.325
17.279,23.942,1.325
17.645,22.477,1.325
18.304,19.549,1.325
19.256,19.256,1.325
19.695,22.624,1.325
20.061,19.695,1.325
21.452,19.036,1.325
4.1001,30.751,1.325
4.1001,34.704,1.325
4.2465,31.629,1.325
4.6858,30.897,1.325
4.759,26.065,1.325
4.8322,29.433,1.325
5.0519,28.481,1.325
5.5644,28.261,1.325
7.1019,30.092,1.325
12.373,21.818,1.325
17.425,19.695,1.325
17.791,20.5,1.325
20.281,18.157,1.325
22.184,18.743,1.325
3.3679,30.751,1.325
4.9787,27.017,1.325
5.1251,27.602,1.325
5.418,32.215,1.325
5.784,30.458,1.325
5.784,30.97,1.325
6.7358,27.309,1.325
8.0537,29.799,1.325
13.691,21.452,1.325
16.547,20.281,1.325
19.695,18.304,1.325
3.734,28.847,1.325
5.784,31.483,1.325
6.2966,30.018,1.325
7.6876,30.458,1.325
8.7859,30.604,1.325
9.2252,29.286,1.325
9.4448,30.238,1.325
9.8109,29.067,1.325
17.718,18.377,1.325
18.597,18.743,1.325
3.5144,30.165,1.325
6.9555,31.41,1.325
7.3216,31.043,1.325
8.3466,30.677,1.325
13.252,23.063,1.325
13.984,24.381,1.325
6.2233,30.897,1.325
8.8591,31.263,1.325
15.522,32.727,1.325
16.766,19.695,1.325
18.45,18.157,1.325
19.695,17.352,1.325
6.2233,32.068,1.325
8.0537,32.142,1.325
8.2734,31.263,1.325
8.2734,31.702,1.325
8.5662,32.727,1.325
9.2984,31.629,1.325
9.8109,31.41,1.325
10.616,33.313,1.325
11.348,21.525,1.325
6.8823,32.215,2.5481
6.8823,33.24,2.5481
7.7609,31.19,2.5481
7.8341,34.265,2.5481
10.177,30.238,2.5481
10.909,30.165,2.5481
6.3698,33.24,2.5481
7.2484,34.045,2.5481
7.7609,33.46,2.5481
9.4448,33.752,2.5481
9.7377,30.238,2.5481
10.323,33.752,2.5481
10.397,31.483,2.5481
10.616,29.726,2.5481
10.982,35.07,2.5481
11.056,32.142,2.5481
15.302,19.695,2.5481
5.418,32.581,2.5481
6.2233,36.242,2.5481
6.3698,34.997,2.5481
7.1019,32.801,2.5481
7.6876,32.947,2.5481
8.2002,20.281,2.5481
8.7127,20.647,2.5481
9.5913,32.508,2.5481
18.524,17.425,2.5481
5.2715,24.527,2.5481
5.6376,34.338,2.5481
6.3698,35.583,2.5481
7.3948,34.924,2.5481
7.468,31.922,2.5481
8.3466,34.192,2.5481
8.5662,35.802,2.5481
8.7127,33.167,2.5481
8.8591,35.217,2.5481
8.9323,34.192,2.5481
9.3716,33.313,2.5481
10.177,33.02,2.5481
10.689,31.849,2.5481
10.982,33.386,2.5481
11.129,34.119,2.5481
12.081,33.313,2.5481
4.1001,27.236,2.5481
7.5412,35.802,2.5481
8.2002,35.436,2.5481
8.2734,33.386,2.5481
11.129,31.629,2.5481
12.154,29.872,2.5481
5.784,35.802,2.5481
6.1501,33.826,2.5481
9.7377,34.631,2.5481
9.7377,35.949,2.5481
10.616,35.583,2.5481
10.763,20.061,2.5481
10.909,30.897,2.5481
11.568,33.24,2.5481
11.715,31.117,2.5481
11.788,32.215,2.5481
12.52,33.093,2.5481
12.666,32.215,2.5481
13.106,31.922,2.5481
13.618,17.938,2.5481
5.6376,34.997,2.5481
8.6395,19.109,2.5481
9.5913,35.51,2.5481
10.031,35.07,2.5481
10.397,34.631,2.5481
11.275,35.51,2.5481
11.348,34.777,2.5481
12.593,31.117,2.5481
13.838,16.84,2.5481
13.838,18.67,2.5481
22.697,18.524,2.5481
22.843,17.572,2.5481
22.99,16.913,2.5481
24.6,13.618,2.5481
12.081,22.843,2.5481
12.081,34.192,2.5481
12.154,30.677,2.5481
12.52,30.018,2.5481
13.691,32.142,2.5481
13.838,32.801,2.5481
13.911,31.629,2.5481
21.306,22.843,2.5481
3.5144,29.433,2.5481
5.3447,24.674,2.5481
5.8573,33.313,2.5481
7.1751,36.022,2.5481
10.543,29.579,2.5481
11.422,29.872,2.5481
12.52,33.972,2.5481
14.423,30.751,2.5481
14.423,31.702,2.5481
14.863,33.24,2.5481
16.62,23.356,2.5481
8.1269,23.356,2.5481
10.836,28.847,2.5481
11.788,32.874,2.5481
11.934,30.238,2.5481
12.52,19.402,2.5481
12.959,17.645,2.5481
13.252,30.604,2.5481
13.325,18.597,2.5481
13.838,30.238,2.5481
14.204,17.132,2.5481
14.863,16.913,2.5481
3.5876,34.265,2.5481
7.3216,24.967,2.5481
7.7609,23.942,2.5481
9.0787,18.45,2.5481
11.348,22.331,2.5481
12.227,25.113,2.5481
12.959,16.547,2.5481
13.179,34.558,2.5481
13.398,16.913,2.5481
13.398,29.506,2.5481
14.277,32.215,2.5481
14.497,16.474,2.5481
14.79,31.483,2.5481
15.375,32.727,2.5481
15.522,16.986,2.5481
16.766,31.483,2.5481
16.913,17.865,2.5481
19.475,23.283,2.5481
20.793,24.161,2.5481
22.111,20.134,2.5481
23.283,16.181,2.5481
23.502,14.936,2.5481
3.3679,31.995,2.5481
3.4411,32.654,2.5481
4.1733,26.87,2.5481
6.443,26.211,2.5481
9.4448,24.454,2.5481
9.7377,22.331,2.5481
10.25,23.356,2.5481
11.348,28.847,2.5481
11.422,21.525,2.5481
11.568,18.67,2.5481
11.568,23.429,2.5481
11.641,20.574,2.5481
12.154,19.256,2.5481
12.373,15.668,2.5481
12.447,18.377,2.5481
12.447,28.774,2.5481
12.813,27.968,2.5481
13.179,31.263,2.5481
13.398,28.847,2.5481
13.398,32.508,2.5481
13.545,31.41,2.5481
13.618,20.061,2.5481
13.765,25.772,2.5481
14.204,33.167,2.5481
14.497,32.801,2.5481
15.375,28.993,2.5481
15.741,31.922,2.5481
16.181,31.263,2.5481
18.377,27.456,2.5481
19.036,22.55,2.5481
19.329,26.358,2.5481
19.988,21.599,2.5481
20.208,25.552,2.5481
20.354,21.672,2.5481
21.452,20.5,2.5481
21.745,21.525,2.5481
23.063,15.815,2.5481
24.967,12.373,2.5481
4.6126,27.749,2.5481
5.418,34.338,2.5481
5.9305,23.942,2.5481
7.3948,23.649,2.5481
7.9073,22.697,2.5481
8.7127,22.99,2.5481
9.3716,21.745,2.5481
9.518,24.967,2.5481
10.397,22.477,2.5481
10.397,24.308,2.5481
10.909,25.113,2.5481
10.982,21.891,2.5481
11.202,25.625,2.5481
11.275,24.234,2.5481
11.788,27.895,2.5481
12.081,17.791,2.5481
12.886,18.231,2.5481
12.959,26.797,2.5481
13.179,25.845,2.5481
13.398,25.479,2.5481
13.838,33.533,2.5481
14.35,29.945,2.5481
14.423,17.718,2.5481
14.863,18.377,2.5481
14.936,32.142,2.5481
15.009,30.751,2.5481
15.375,19.549,2.5481
15.595,20.354,2.5481
15.668,16.4,2.5481
15.888,28.627,2.5481
16.327,28.334,2.5481
17.132,29.652,2.5481
17.791,27.163,2.5481
19.109,24.6,2.5481
19.402,24.015,2.5481
19.841,24.454,2.5481
20.134,23.868,2.5481
21.013,22.038,2.5481
23.063,14.716,2.5481
23.209,12.373,2.5481
5.1983,34.997,2.5481
5.3447,24.82,2.5481
7.0287,24.234,2.5481
8.2002,24.454,2.5481
8.6395,24.015,2.5481
8.8591,25.04,2.5481
9.6645,23.502,2.5481
9.9573,21.745,2.5481
10.47,25.699,2.5481
10.909,23.942,2.5481
11.056,17.499,2.5481
11.056,18.963,2.5481
11.495,25.406,2.5481
11.641,27.163,2.5481
11.788,23.942,2.5481
12.52,23.502,2.5481
12.666,17.059,2.5481
12.74,24.6,2.5481
13.106,15.961,2.5481
13.106,27.456,2.5481
13.179,20.574,2.5481
13.179,22.331,2.5481
13.618,28.334,2.5481
13.984,27.749,2.5481
14.204,28.334,2.5481
14.204,29.14,2.5481
14.863,18.963,2.5481
14.863,27.383,2.5481
15.229,14.423,2.5481
15.229,15.595,2.5481
15.229,27.895,2.5481
15.229,29.506,2.5481
15.375,17.499,2.5481
15.449,18.157,2.5481
15.595,18.597,2.5481
16.034,29.506,2.5481
17.132,28.554,2.5481
17.425,27.749,2.5481
17.791,30.165,2.5481
18.157,29.433,2.5481
18.231,28.115,2.5481
18.524,24.527,2.5481
18.816,26.358,2.5481
19.036,21.159,2.5481
19.402,27.529,2.5481
19.549,20.866,2.5481
19.549,25.04,2.5481
19.622,21.599,2.5481
20.281,20.94,2.5481
20.354,23.136,2.5481
21.086,18.011,2.5481
21.745,18.304,2.5481
21.891,20.94,2.5481
22.624,16.254,2.5481
22.77,17.791,2.5481
23.942,14.204,2.5481
24.82,12.886,2.5481
4.4662,34.045,2.5481
4.9787,26.065,2.5481
5.1251,33.606,2.5481
5.6376,25.552,2.5481
5.9305,25.992,2.5481
6.1501,24.674,2.5481
6.3698,23.136,2.5481
7.468,26.504,2.5481
7.9805,25.479,2.5481
8.0537,27.309,2.5481
8.493,25.918,2.5481
8.7127,26.724,2.5481
8.7859,26.138,2.5481
10.177,26.724,2.5481
10.25,15.449,2.5481
10.323,27.749,2.5481
10.909,15.888,2.5481
11.202,20.94,2.5481
11.202,23.502,2.5481
11.275,28.334,2.5481
11.568,26.504,2.5481
11.788,16.84,2.5481
11.934,14.936,2.5481
12.3,19.841,2.5481
12.447,26.284,2.5481
12.593,35.07,2.5481
12.666,21.233,2.5481
13.691,16.327,2.5481
13.691,23.575,2.5481
14.423,15.522,2.5481
14.423,16.181,2.5481
14.57,25.552,2.5481
14.643,28.993,2.5481
15.449,31.043,2.5481
15.668,26.577,2.5481
15.668,31.483,2.5481
15.815,27.09,2.5481
15.815,29.945,2.5481
15.888,30.604,2.5481
16.034,26.724,2.5481
16.181,17.059,2.5481
16.327,15.375,2.5481
16.327,27.749,2.5481
16.766,24.161,2.5481
16.766,27.602,2.5481
16.913,17.132,2.5481
17.059,30.311,2.5481
17.279,29.14,2.5481
18.524,23.722,2.5481
18.743,25.04,2.5481
19.256,22.111,2.5481
19.695,26.797,2.5481
20.061,22.697,2.5481
20.061,26.284,2.5481
20.94,19.695,2.5481
20.94,20.793,2.5481
21.013,17.425,2.5481
21.379,19.109,2.5481
22.184,18.89,2.5481
22.404,17.425,2.5481
22.55,15.302,2.5481
3.5876,33.533,2.5481
3.734,28.92,2.5481
4.3929,33.02,2.5481
5.1251,26.577,2.5481
6.3698,25.625,2.5481
6.5894,25.04,2.5481
8.6395,28.481,2.5481
9.2252,22.55,2.5481
9.2252,28.481,2.5481
9.8841,26.211,2.5481
9.9573,17.938,2.5481
11.788,18.89,2.5481
12.3,16.693,2.5481
12.52,17.572,2.5481
12.593,20.354,2.5481
13.252,24.527,2.5481
13.691,26.431,2.5481
14.35,27.602,2.5481
14.57,28.408,2.5481
14.863,24.6,2.5481
15.009,26.284,2.5481
15.009,29.945,2.5481
16.327,18.231,2.5481
16.913,15.522,2.5481
16.986,18.011,2.5481
17.206,18.597,2.5481
17.718,19.475,2.5481
17.718,21.599,2.5481
18.011,24.088,2.5481
18.377,25.772,2.5481
18.743,28.554,2.5481
18.963,19.988,2.5481
19.695,19.256,2.5481
20.208,19.841,2.5481
20.354,18.743,2.5481
21.013,23.502,2.5481
21.233,22.99,2.5481
21.672,15.375,2.5481
22.111,15.961,2.5481
22.184,16.84,2.5481
22.477,19.256,2.5481
23.722,13.032,2.5481
24.308,12.886,2.5481
24.454,13.911,2.5481
3.5876,31.483,2.5481
5.3447,28.847,2.5481
5.9305,26.797,2.5481
6.3698,27.236,2.5481
7.6876,21.965,2.5481
7.7609,25.992,2.5481
8.5662,27.456,2.5481
9.152,29.14,2.5481
9.2984,25.772,2.5481
9.518,27.236,2.5481
9.8109,28.042,2.5481
9.8841,21.306,2.5481
10.909,27.236,2.5481
11.275,16.693,2.5481
12.447,21.745,2.5481
12.593,24.015,2.5481
13.838,21.599,2.5481
13.838,24.747,2.5481
14.131,22.843,2.5481
14.131,26.724,2.5481
14.35,23.502,2.5481
14.57,26.431,2.5481
15.302,23.942,2.5481
16.034,15.815,2.5481
16.107,25.04,2.5481
16.4,25.772,2.5481
16.62,26.211,2.5481
17.206,26.358,2.5481
17.718,24.967,2.5481
18.011,26.138,2.5481
18.084,20.72,2.5481
18.524,25.333,2.5481
18.743,21.525,2.5481
18.963,13.765,2.5481
19.256,19.622,2.5481
20.647,24.6,2.5481
4.8322,33.24,2.5481
5.2715,27.309,2.5481
6.8091,27.676,2.5481
8.2734,28.334,2.5481
9.0787,16.84,2.5481
9.8109,25.552,2.5481
10.177,14.57,2.5481
10.616,20.72,2.5481
14.057,22.111,2.5481
15.375,25.479,2.5481
15.668,18.157,2.5481
15.961,20.94,2.5481
16.107,19.988,2.5481
16.254,17.645,2.5481
16.254,20.647,2.5481
16.913,16.254,2.5481
16.913,22.697,2.5481
16.913,25.333,2.5481
17.206,21.599,2.5481
17.499,16.181,2.5481
17.791,22.697,2.5481
18.011,16.986,2.5481
20.134,13.911,2.5481
20.354,18.157,2.5481
20.647,25.113,2.5481
21.379,16.693,2.5481
21.599,17.718,2.5481
22.038,15.229,2.5481
22.477,14.35,2.5481
23.136,17.572,2.5481
3.5144,30.604,2.5481
4.8322,32.581,2.5481
5.3447,29.213,2.5481
5.4912,27.895,2.5481
6.8091,29.213,2.5481
8.2002,25.113,2.5481
8.2734,29.799,2.5481
14.131,24.454,2.5481
15.668,23.795,2.5481
16.547,22.111,2.5481
16.62,21.233,2.5481
16.913,19.109,2.5481
17.645,18.157,2.5481
17.645,23.575,2.5481
17.718,14.79,2.5481
17.791,22.258,2.5481
18.157,15.815,2.5481
19.036,12.227,2.5481
19.329,13.984,2.5481
22.404,10.836,2.5481
23.868,10.47,2.5481
25.04,12.154,2.5481
3.8072,27.968,2.5481
4.6126,30.018,2.5481
4.6858,25.333,2.5481
5.3447,30.018,2.5481
5.4912,31.117,2.5481
5.7108,32.435,2.5481
6.0037,29.359,2.5481
7.6876,30.385,2.5481
7.8341,27.968,2.5481
11.715,21.818,2.5481
14.79,24.015,2.5481
16.181,19.329,2.5481
16.766,14.79,2.5481
16.913,20.354,2.5481
17.499,16.766,2.5481
17.791,17.572,2.5481
18.157,14.35,2.5481
18.377,18.011,2.5481
18.377,19.768,2.5481
19.109,13.032,2.5481
19.475,14.57,2.5481
19.622,16.693,2.5481
20.281,17.206,2.5481
20.574,17.572,2.5481
20.647,16.62,2.5481
21.672,14.643,2.5481
22.258,13.252,2.5481
4.6126,31.849,2.5481
4.759,30.751,2.5481
5.784,28.408,2.5481
6.443,28.627,2.5481
7.0287,29.652,2.5481
8.1269,28.993,2.5481
8.9323,29.872,2.5481
17.132,19.841,2.5481
17.352,15.668,2.5481
18.231,18.67,2.5481
18.963,17.499,2.5481
19.183,10.909,2.5481
19.329,18.377,2.5481
19.475,15.302,2.5481
19.841,12.3,2.5481
19.915,15.961,2.5481
20.647,13.911,2.5481
20.647,15.741,2.5481
21.306,16.254,2.5481
22.917,13.325,2.5481
23.868,12.3,2.5481
7.2484,28.408,2.5481
9.5913,30.165,2.5481
9.8841,29.14,2.5481
10.104,19.988,2.5481
10.25,17.059,2.5481
10.689,29.433,2.5481
11.715,16.107,2.5481
12.007,34.338,2.5481
15.156,14.497,2.5481
16.986,21.672,2.5481
18.45,16.84,2.5481
18.597,18.524,2.5481
18.67,13.252,2.5481
19.183,16.327,2.5481
19.768,13.472,2.5481
20.647,14.79,2.5481
21.013,15.229,2.5481
21.525,14.057,2.5481
22.843,14.204,2.5481
23.942,11.348,2.5481
24.674,10.689,2.5481
5.9305,31.776,2.5481
6.2966,30.018,2.5481
7.1751,30.238,2.5481
7.3948,28.92,2.5481
14.716,12.959,2.5481
18.743,14.863,2.5481
19.109,15.668,2.5481
20.427,11.788,2.5481
20.94,13.179,2.5481
6.0037,31.263,2.5481
6.5162,31.043,2.5481
11.422,16.474,2.5481
11.861,12.666,2.5481
14.57,13.765,2.5481
15.229,13.984,2.5481
17.279,14.131,2.5481
17.791,13.545,2.5481
19.402,15.961,2.5481
19.695,11.568,2.5481
20.281,15.156,2.5481
21.745,13.252,2.5481
21.891,12.52,2.5481
22.331,12.373,2.5481
23.209,8.6395,2.5481
23.649,17.865,2.5481
24.454,9.8841,2.5481
6.1501,30.531,2.5481
8.7859,30.824,2.5481
9.0055,16.181,2.5481
9.2984,31.483,2.5481
15.522,15.449,2.5481
20.574,11.275,2.5481
20.866,12.227,2.5481
21.672,11.934,2.5481
23.942,16.62,2.5481
24.747,9.0787,2.5481
25.333,12.886,2.5481
7.1751,33.313,3.924
8.9323,15.741,3.924
9.5913,31.995,3.924
9.7377,13.325,3.924
9.9573,32.654,3.924
10.031,16.4,3.924
10.689,16.913,3.924
21.013,12.593,3.924
22.99,11.788,3.924
23.136,10.982,3.924
23.868,10.689,3.924
6.2233,23.136,3.924
6.3698,32.727,3.924
6.5162,33.606,3.924
7.1751,31.702,3.924
8.2002,31.702,3.924
9.6645,30.97,3.924
9.7377,15.082,3.924
9.8109,12.373,3.924
9.8109,33.679,3.924
10.543,33.167,3.924
11.202,33.093,3.924
13.252,34.704,3.924
19.549,10.836,3.924
21.159,11.568,3.924
22.624,11.422,3.924
23.136,9.2252,3.924
24.015,9.0787,3.924
6.5162,32.215,3.924
7.3948,34.119,3.924
8.493,32.435,3.924
8.7127,15.229,3.924
8.7127,34.265,3.924
9.8841,31.483,3.924
10.397,33.826,3.924
10.543,13.325,3.924
10.836,32.801,3.924
13.032,12.3,3.924
18.45,10.689,3.924
19.841,10.47,3.924
19.915,8.7127,3.924
22.111,11.056,3.924
23.502,9.4448,3.924
23.649,8.7859,3.924
6.0037,33.533,3.924
7.1751,32.215,3.924
7.7609,31.922,3.924
8.3466,34.411,3.924
8.8591,33.02,3.924
8.9323,33.606,3.924
9.2252,34.265,3.924
9.4448,32.801,3.924
9.5913,34.851,3.924
9.8109,15.815,3.924
10.47,15.668,3.924
10.543,31.19,3.924
10.689,12.593,3.924
11.056,16.034,3.924
11.202,12.373,3.924
11.641,32.215,3.924
11.861,32.801,3.924
14.057,11.934,3.924
19.402,8.4198,3.924
21.745,10.909,3.924
22.038,10.25,3.924
22.477,8.9323,3.924
22.77,10.031,3.924
23.136,10.543,3.924
7.7609,33.167,3.924
8.1269,33.533,3.924
9.152,14.497,3.924
10.177,14.057,3.924
10.47,19.256,3.924
10.689,14.35,3.924
11.422,34.558,3.924
11.934,16.107,3.924
12.154,13.984,3.924
13.618,12.154,3.924
17.059,31.263,3.924
20.793,9.5913,3.924
21.525,9.9573,3.924
22.111,9.4448,3.924
24.234,15.449,3.924
10.47,34.338,3.924
10.836,31.922,3.924
11.641,34.924,3.924
12.74,32.361,3.924
17.938,10.031,3.924
19.549,10.25,3.924
8.1269,21.525,3.924
8.4198,14.57,3.924
9.0055,13.545,3.924
9.152,13.032,3.924
10.25,10.836,3.924
10.543,15.082,3.924
11.348,15.449,3.924
12.373,14.936,3.924
12.373,35.07,3.924
12.447,34.411,3.924
12.666,11.641,3.924
13.398,13.106,3.924
14.423,10.763,3.924
3.9536,27.236,3.924
6.5894,22.917,3.924
8.2734,36.754,3.924
8.4198,13.472,3.924
8.6395,37.486,3.924
9.518,13.838,3.924
11.715,31.776,3.924
12.3,33.826,3.924
17.425,9.2252,3.924
18.524,10.47,3.924
18.816,9.9573,3.924
18.963,11.202,3.924
5.7108,33.606,3.924
7.3948,22.404,3.924
8.6395,16.913,3.924
8.7859,21.159,3.924
9.6645,10.397,3.924
9.6645,36.901,3.924
10.47,34.851,3.924
10.982,13.911,3.924
11.056,34.045,3.924
11.495,14.497,3.924
11.788,15.156,3.924
12.081,31.922,3.924
13.765,33.752,3.924
15.888,9.518,3.924
16.547,9.9573,3.924
16.913,9.5913,3.924
17.791,7.8341,3.924
21.306,9.152,3.924
21.306,9.5913,3.924
22.331,20.354,3.924
3.5876,29.652,3.924
8.9323,36.681,3.924
10.616,35.656,3.924
11.715,35.144,3.924
12.52,15.375,3.924
16.254,9.2984,3.924
16.766,8.7127,3.924
18.89,28.481,3.924
22.038,21.233,3.924
23.649,17.206,3.924
5.9305,23.575,3.924
7.9805,22.624,3.924
9.2984,35.729,3.924
12.52,33.24,3.924
13.472,13.472,3.924
14.57,32.215,3.924
15.156,33.093,3.924
20.281,25.772,3.924
23.429,17.791,3.924
25.04,13.765,3.924
4.0269,28.261,3.924
6.2233,23.063,3.924
6.443,25.479,3.924
7.3948,23.722,3.924
8.7127,22.697,3.924
8.7859,19.988,3.924
8.9323,19.256,3.924
8.9323,21.599,3.924
9.4448,9.6645,3.924
12.959,13.911,3.924
14.936,31.41,3.924
15.229,32.435,3.924
17.938,28.261,3.924
21.086,22.038,3.924
21.525,22.477,3.924
21.672,20.574,3.924
23.502,15.888,3.924
23.722,14.936,3.924
4.6126,26.211,3.924
6.9555,24.967,3.924
8.0537,23.429,3.924
8.2002,37.779,3.924
9.3716,14.497,3.924
13.398,34.558,3.924
13.472,13.106,3.924
14.497,33.24,3.924
15.229,30.751,3.924
15.668,8.9323,3.924
16.913,27.529,3.924
20.208,9.6645,3.924
20.208,22.99,3.924
22.331,19.036,3.924
23.283,14.643,3.924
25.772,12.007,3.924
4.6858,27.529,3.924
6.7358,26.284,3.924
6.8823,23.722,3.924
7.6144,24.161,3.924
8.2734,21.233,3.924
9.152,20.94,3.924
11.056,18.524,3.924
11.275,17.791,3.924
11.715,13.838,3.924
14.35,33.972,3.924
15.741,30.897,3.924
15.961,31.702,3.924
16.327,29.652,3.924
17.352,26.284,3.924
19.402,27.749,3.924
19.475,26.065,3.924
20.647,19.622,3.924
21.013,20.866,3.924
21.159,19.549,3.924
21.233,23.063,3.924
21.818,21.818,3.924
22.55,19.768,3.924
23.575,16.4,3.924
24.088,15.815,3.924
25.992,10.323,3.924
3.5876,31.922,3.924
5.418,24.234,3.924
5.784,25.333,3.924
6.5894,27.163,3.924
9.3716,10.323,3.924
9.4448,22.111,3.924
10.25,36.242,3.924
10.397,18.084,3.924
13.984,9.6645,3.924
17.352,27.236,3.924
17.499,29.14,3.924
17.572,27.822,3.924
17.938,26.065,3.924
18.45,25.552,3.924
18.45,29.213,3.924
19.329,11.934,3.924
19.329,25.186,3.924
19.841,25.04,3.924
20.354,20.208,3.924
20.5,21.599,3.924
20.793,23.429,3.924
20.866,24.015,3.924
21.379,19.109,3.924
21.379,21.965,3.924
24.308,14.423,3.924
25.479,12.813,3.924
5.3447,26.431,3.924
5.6376,27.529,3.924
8.4198,24.234,3.924
8.7859,20.208,3.924
8.8591,23.283,3.924
9.0055,19.475,3.924
9.2984,18.67,3.924
9.4448,21.452,3.924
9.9573,20.866,3.924
16.693,31.629,3.924
17.132,30.385,3.924
17.865,11.275,3.924
18.157,29.799,3.924
18.377,24.161,3.924
18.45,26.504,3.924
18.45,27.309,3.924
18.743,25.186,3.924
18.816,27.822,3.924
18.963,23.429,3.924
19.183,11.422,3.924
19.329,24.454,3.924
19.622,21.672,3.924
19.622,23.283,3.924
20.574,22.55,3.924
21.672,18.157,3.924
22.697,15.449,3.924
23.063,16.254,3.924
23.136,18.45,3.924
23.429,13.545,3.924
25.772,10.763,3.924
4.9055,25.259,3.924
5.1983,26.065,3.924
6.1501,29.213,3.924
10.031,8.2002,3.924
10.177,18.597,3.924
17.132,28.334,3.924
18.011,30.238,3.924
18.743,24.454,3.924
19.768,24.015,3.924
22.843,17.425,3.924
23.649,17.645,3.924
24.381,14.863,3.924
24.674,13.032,3.924
25.113,11.641,3.924
4.759,31.556,3.924
4.8322,29.799,3.924
5.0519,30.897,3.924
5.418,28.554,3.924
5.5644,28.993,3.924
5.9305,28.115,3.924
6.0769,35.29,3.924
6.3698,27.456,3.924
6.5162,30.092,3.924
7.2484,24.234,3.924
7.5412,26.065,3.924
7.8341,13.325,3.924
14.716,9.152,3.924
16.034,29.067,3.924
16.254,30.531,3.924
16.547,28.334,3.924
16.986,31.263,3.924
18.011,25.259,3.924
19.183,26.577,3.924
19.549,22.624,3.924
19.768,11.641,3.924
19.841,26.87,3.924
20.354,25.918,3.924
21.525,17.352,3.924
22.184,16.766,3.924
24.893,12.373,3.924
3.8072,28.701,3.924
3.8072,30.604,3.924
5.4912,32.654,3.924
5.784,31.41,3.924
10.104,17.938,3.924
10.177,11.422,3.924
11.348,16.986,3.924
20.72,25.333,3.924
20.866,24.527,3.924
22.404,15.961,3.924
23.868,16.84,3.924
23.942,12.666,3.924
24.674,14.423,3.924
24.967,11.129,3.924
4.3197,31.849,3.924
4.8322,29.213,3.924
4.9055,32.361,3.924
5.1251,29.433,3.924
5.3447,30.311,3.924
5.3447,34.411,3.924
9.152,9.9573,3.924
9.7377,19.622,3.924
9.8841,20.5,3.924
18.816,28.481,3.924
25.186,13.838,3.924
25.333,10.031,3.924
5.784,30.092,3.924
6.0769,31.995,3.924
7.2484,29.872,3.924
7.5412,30.311,3.924
8.7127,19.183,3.924
10.25,7.0287,3.924
10.689,16.986,3.924
10.909,7.3948,3.924
11.641,12.959,3.924
11.861,6.5162,3.924
13.252,12.52,3.924
14.716,5.5644,3.924
20.647,12.373,3.924
21.086,11.934,3.924
21.379,10.543,3.924
21.452,12.52,3.924
22.843,13.179,3.924
23.063,14.35,3.924
24.381,11.568,3.924
7.0287,30.458,3.924
9.5913,11.056,3.924
10.543,8.493,3.924
12.081,12.447,3.924
12.813,12.081,3.924
13.032,13.325,3.924
13.618,11.641,3.924
13.691,8.8591,3.924
13.911,5.3447,3.924
19.036,9.8109,3.924
23.868,8.8591,3.924
6.3698,30.677,3.924
8.493,30.311,3.924
9.2252,9.2984,3.924
9.2984,11.934,3.924
9.3716,30.751,3.924
9.7377,16.693,3.924
10.177,9.5913,3.924
12.593,13.398,3.924
12.813,8.9323,3.924
20.354,11.641,3.924
22.55,13.472,3.924
23.209,11.715,3.924
23.209,12.959,3.924
24.6,10.104,3.924
24.674,10.616,3.924
25.845,9.5913,3.924
26.138,11.275,3.924
3.734,30.97,3.924
6.8091,31.336,3.924
6.8091,32.435,3.924
9.8109,9.0787,3.924
10.836,11.641,3.924
10.982,13.252,3.924
12.3,9.9573,3.924
12.666,11.056,3.924
12.666,11.568,3.924
12.886,6.5894,3.924
13.252,9.2252,3.924
13.252,10.689,3.924
13.472,10.25,3.924
14.497,10.763,3.924
20.72,10.47,3.924
21.965,11.861,3.924
23.942,9.7377,3.924
6.2233,35.07,3.924
7.6876,31.995,3.924
7.9805,34.631,3.924
8.2002,31.849,3.924
8.2734,30.751,3.924
8.4198,15.888,3.924
8.6395,32.068,3.924
9.8109,9.8841,3.924
10.47,10.543,3.924
10.616,12.007,3.924
10.689,9.2252,3.924
10.836,9.9573,3.924
11.934,11.202,3.924
12.886,10.397,3.924
14.131,11.641,3.924
17.572,30.677,3.924
20.354,10.836,3.924
21.306,11.495,3.924
21.599,12.081,3.924
22.258,12.593,3.924
22.477,11.129,3.924
23.722,10.763,3.924
24.527,9.3716,3.924
6.1501,32.654,3.924
6.5894,33.826,3.924
6.8823,33.313,3.924
7.8341,32.727,3.924
8.3466,33.167,3.924
8.5662,20.94,3.924
9.2984,31.556,3.924
9.7377,32.215,3.924
10.177,31.556,3.924
10.25,11.129,3.924
10.25,13.838,3.924
10.47,12.74,3.924
11.202,9.2984,3.924
11.202,12.3,3.924
11.861,7.1019,3.924
12.081,8.493,3.924
12.081,9.2252,3.924
12.154,7.9805,3.924
12.886,4.6126,3.924
13.179,8.4198,3.924
13.984,9.8109,3.924
14.643,9.7377,3.924
22.258,9.0787,3.924
22.477,11.934,3.924
22.843,10.47,3.924
22.917,11.275,3.924
22.99,12.373,3.924
23.429,12.081,3.924
6.5894,28.554,3.924
7.1751,29.359,3.924
7.3216,27.822,3.924
7.468,28.261,3.924
7.6144,26.577,3.924
7.7609,27.309,3.924
7.8341,29.067,3.924
8.1269,27.749,3.924
8.2002,25.699,3.924
8.2002,27.163,3.924
8.2734,24.82,3.924
8.2734,28.188,3.924
8.4198,28.774,3.924
8.5662,29.726,3.924
8.6395,28.481,3.924
8.7859,23.795,3.924
8.7859,27.529,3.924
8.8591,25.699,3.924
8.8591,26.284,3.924
9.0787,27.236,3.924
9.152,24.893,3.924
9.152,28.701,3.924
9.2252,22.697,3.924
9.3716,29.286,3.924
9.6645,24.6,3.924
9.6645,28.627,3.924
9.7377,27.456,3.924
9.8109,23.795,3.924
9.8109,30.385,3.924
9.8841,25.406,3.924
10.031,22.331,3.924
10.104,28.042,3.924
10.177,28.627,3.924
10.177,30.385,3.924
10.25,21.599,3.924
10.323,26.651,3.924
10.397,20.427,3.924
10.397,23.209,3.924
10.397,25.552,3.924
10.397,29.359,3.924
10.47,23.942,3.924
10.543,27.822,3.924
10.616,25.992,3.924
10.689,22.843,3.924
10.689,30.311,3.924
10.836,21.013,3.924
10.836,22.111,3.924
10.909,28.92,3.924
10.909,29.506,3.924
10.982,24.747,3.924
10.982,27.383,3.924
11.056,19.988,3.924
11.129,24.088,3.924
11.202,23.649,3.924
11.202,25.845,3.924
11.202,26.651,3.924
11.202,30.092,3.924
11.348,30.092,3.924
11.422,24.893,3.924
11.422,27.017,3.924
11.495,18.597,3.924
11.495,28.408,3.924
11.495,29.067,3.924
11.568,23.502,3.924
11.641,19.549,3.924
11.641,29.872,3.924
11.715,20.354,3.924
11.715,20.793,3.924
11.715,21.672,3.924
11.788,22.258,3.924
11.788,28.115,3.924
11.788,30.824,3.924
11.861,25.333,3.924
11.934,23.795,3.924
11.934,27.236,3.924
12.007,17.059,3.924
12.007,18.89,3.924
12.007,24.308,3.924
12.007,29.652,3.924
12.007,31.263,3.924
12.227,21.086,3.924
12.3,28.042,3.924
12.3,30.751,3.924
12.373,16.62,3.924
12.447,17.865,3.924
12.52,28.774,3.924
12.593,21.672,3.924
12.593,22.77,3.924
12.593,23.649,3.924
12.593,26.211,3.924
12.593,29.872,3.924
12.666,19.549,3.924
12.666,29.799,3.924
12.74,25.333,3.924
12.813,20.281,3.924
12.813,22.843,3.924
12.813,24.088,3.924
12.813,30.897,3.924
12.886,18.524,3.924
12.959,21.891,3.924
12.959,26.138,3.924
12.959,27.895,3.924
13.032,15.522,3.924
13.032,26.797,3.924
13.106,17.499,3.924
13.179,16.62,3.924
13.179,18.157,3.924
13.179,19.695,3.924
13.179,27.456,3.924
13.252,22.331,3.924
13.252,29.726,3.924
13.325,24.527,3.924
13.398,15.229,3.924
13.398,17.279,3.924
13.398,20.647,3.924
13.398,23.283,3.924
13.398,29.213,3.924
13.398,30.677,3.924
13.472,31.629,3.924
13.545,15.888,3.924
13.618,23.063,3.924
13.618,26.138,3.924
13.691,18.743,3.924
13.691,27.602,3.924
13.765,25.552,3.924
13.765,31.19,3.924
13.911,15.229,3.924
13.911,20.134,3.924
13.911,22.477,3.924
13.911,24.82,3.924
13.911,32.068,3.924
13.984,14.497,3.924
13.984,32.435,3.924
14.131,12.74,3.924
14.131,16.254,3.924
14.131,29.359,3.924
14.131,31.19,3.924
14.204,12.886,3.924
14.204,18.816,3.924
14.204,21.672,3.924
14.204,31.776,3.924
14.277,18.157,3.924
14.277,21.745,3.924
14.277,24.381,3.924
14.35,16.84,3.924
14.423,30.385,3.924
14.57,23.649,3.924
14.57,27.163,3.924
14.57,28.334,3.924
14.716,17.132,3.924
14.716,26.284,3.924
14.79,17.865,3.924
14.863,12.3,3.924
14.863,15.668,3.924
14.863,28.774,3.924
14.936,10.982,3.924
14.936,12.74,3.924
14.936,16.327,3.924
15.009,25.333,3.924
15.009,27.676,3.924
15.082,13.911,3.924
15.082,26.138,3.924
15.156,24.674,3.924
15.229,16.986,3.924
15.302,19.402,3.924
15.375,12.813,3.924
15.375,15.668,3.924
15.375,23.942,3.924
15.375,27.895,3.924
15.449,27.236,3.924
15.522,11.056,3.924
15.522,14.497,3.924
15.522,17.572,3.924
15.522,29.286,3.924
15.595,15.156,3.924
15.668,18.084,3.924
15.668,25.552,3.924
15.741,26.577,3.924
15.815,19.768,3.924
15.815,23.575,3.924
15.888,11.056,3.924
15.888,12.154,3.924
15.961,12.74,3.924
15.961,17.206,3.924
15.961,18.67,3.924
16.034,27.09,3.924
16.107,20.574,3.924
16.107,28.481,3.924
16.181,13.545,3.924
16.181,14.79,3.924
16.181,26.577,3.924
16.254,10.836,3.924
16.254,12.959,3.924
16.254,16.4,3.924
16.254,19.109,3.924
16.254,21.013,3.924
16.254,25.04,3.924
16.327,15.815,3.924
16.327,22.99,3.924
16.327,27.676,3.924
16.4,25.772,3.924
16.693,15.375,3.924
16.693,26.138,3.924
16.84,18.157,3.924
16.84,22.184,3.924
16.913,21.306,3.924
16.986,20.427,3.924
16.986,23.722,3.924
16.986,25.259,3.924
17.059,24.308,3.924
17.206,14.863,3.924
17.206,19.109,3.924
17.279,18.084,3.924
17.279,19.695,3.924
17.279,22.917,3.924
17.352,11.202,3.924
17.352,16.986,3.924
17.425,11.934,3.924
17.425,12.666,3.924
17.425,18.524,3.924
17.425,21.745,3.924
17.425,24.893,3.924
17.499,11.422,3.924
17.499,13.398,3.924
17.499,15.668,3.924
17.718,13.911,3.924
17.718,16.84,3.924
17.718,20.72,3.924
17.718,23.356,3.924
17.718,23.942,3.924
17.791,14.863,3.924
17.865,16.254,3.924
17.865,24.82,3.924
17.938,22.404,3.924
18.011,17.865,3.924
18.084,20.94,3.924
18.084,21.745,3.924
18.157,11.495,3.924
18.157,13.984,3.924
18.157,19.695,3.924
18.231,12.813,3.924
18.231,18.304,3.924
18.45,14.716,3.924
18.45,21.891,3.924
18.524,15.888,3.924
18.524,18.743,3.924
18.597,12.007,3.924
18.597,13.472,3.924
18.597,18.157,3.924
18.743,13.106,3.924
18.743,14.35,3.924
18.743,16.913,3.924
18.743,20.354,3.924
18.816,19.622,3.924
18.816,22.404,3.924
18.89,12.666,3.924
18.963,13.179,3.924
19.036,14.716,3.924
19.036,21.452,3.924
19.109,20.134,3.924
19.329,15.156,3.924
19.329,17.499,3.924
19.402,13.106,3.924
19.402,15.668,3.924
19.475,13.545,3.924
19.475,18.304,3.924
19.695,14.35,3.924
19.695,20.94,3.924
19.768,15.961,3.924
19.768,16.693,3.924
19.768,17.206,3.924
19.841,19.475,3.924
19.988,13.398,3.924
20.061,18.231,3.924
20.354,16.107,3.924
20.5,13.911,3.924
20.72,14.79,3.924
20.72,17.425,3.924
20.72,18.67,3.924
20.793,16.986,3.924
20.94,13.179,3.924
21.159,16.474,3.924
21.672,13.325,3.924
21.672,14.131,3.924
21.818,15.522,3.924
21.818,16.107,3.924
22.038,14.643,3.924
22.404,14.277,3.924
16.62,11.641,3.975
7.2484,32.361,5.1981
8.0537,14.57,5.1981
8.6395,33.826,5.1981
8.7127,31.41,5.1981
8.7859,10.397,5.1981
8.7859,32.581,5.1981
8.8591,15.229,5.1981
9.2252,15.961,5.1981
9.518,8.8591,5.1981
9.8109,12.154,5.1981
10.031,32.874,5.1981
11.056,11.056,5.1981
11.275,10.616,5.1981
11.422,8.4198,5.1981
11.422,11.202,5.1981
11.641,7.6876,5.1981
11.861,10.031,5.1981
13.032,7.3948,5.1981
14.863,3.8072,5.1981
15.302,8.7859,5.1981
18.157,9.3716,5.1981
21.745,11.495,5.1981
23.209,9.2984,5.1981
5.2715,33.46,5.1981
6.1501,33.24,5.1981
7.2484,22.477,5.1981
7.7609,31.483,5.1981
7.7609,33.093,5.1981
7.8341,33.679,5.1981
8.5662,14.57,5.1981
9.5913,13.179,5.1981
10.25,32.068,5.1981
10.689,8.7127,5.1981
11.641,11.788,5.1981
13.911,7.6876,5.1981
16.181,8.7859,5.1981
21.233,9.6645,5.1981
22.624,9.9573,5.1981
25.259,9.152,5.1981
25.625,13.472,5.1981
8.493,12.154,5.1981
8.493,12.813,5.1981
8.7127,34.411,5.1981
9.5913,33.972,5.1981
10.397,7.9805,5.1981
10.543,13.325,5.1981
10.763,16.034,5.1981
10.909,15.229,5.1981
11.202,32.801,5.1981
11.715,32.068,5.1981
14.057,8.0537,5.1981
14.277,8.6395,5.1981
14.35,3.4411,5.1981
16.034,9.518,5.1981
16.547,10.177,5.1981
18.67,9.4448,5.1981
21.891,9.6645,5.1981
22.843,19.768,5.1981
3.8804,29.14,5.1981
7.1019,34.411,5.1981
7.3216,35.144,5.1981
8.0537,34.777,5.1981
8.1269,35.51,5.1981
9.5913,33.313,5.1981
10.031,15.595,5.1981
10.543,33.752,5.1981
10.836,33.093,5.1981
10.982,7.6144,5.1981
11.715,15.888,5.1981
12.081,31.849,5.1981
12.227,32.947,5.1981
14.716,7.6876,5.1981
16.84,9.7377,5.1981
17.206,9.4448,5.1981
20.134,10.397,5.1981
20.94,10.177,5.1981
6.2966,35.144,5.1981
8.5662,16.034,5.1981
9.4448,14.716,5.1981
9.7377,35.436,5.1981
9.8841,37.413,5.1981
10.909,31.702,5.1981
11.202,33.826,5.1981
11.348,32.068,5.1981
11.715,33.02,5.1981
12.593,14.131,5.1981
15.741,7.8341,5.1981
18.67,9.9573,5.1981
19.036,10.397,5.1981
7.1751,35.949,5.1981
8.0537,36.169,5.1981
9.2984,12.666,5.1981
11.202,14.35,5.1981
12.959,6.7358,5.1981
24.454,15.888,5.1981
6.5894,33.972,5.1981
6.8091,34.411,5.1981
8.6395,37.194,5.1981
8.7859,16.62,5.1981
9.9573,33.679,5.1981
10.397,35.436,5.1981
10.47,14.131,5.1981
12.007,15.009,5.1981
12.447,33.972,5.1981
12.593,15.375,5.1981
16.254,7.9073,5.1981
7.3948,22.477,5.1981
8.5662,13.325,5.1981
9.0055,14.204,5.1981
9.2984,34.924,5.1981
9.2984,36.974,5.1981
9.518,14.277,5.1981
10.177,15.156,5.1981
11.715,34.558,5.1981
11.934,14.057,5.1981
12.886,33.093,5.1981
13.252,32.435,5.1981
13.618,34.192,5.1981
15.082,33.02,5.1981
17.425,8.7859,5.1981
22.258,21.452,5.1981
25.406,13.765,5.1981
7.6876,37.34,5.1981
9.0787,37.633,5.1981
9.2252,36.461,5.1981
9.8841,14.057,5.1981
9.9573,36.461,5.1981
10.689,36.827,5.1981
11.129,36.095,5.1981
11.202,35.583,5.1981
15.449,6.8091,5.1981
19.475,11.348,5.1981
19.768,9.9573,5.1981
3.9536,29.067,5.1981
6.3698,36.095,5.1981
6.6626,35.363,5.1981
12.447,33.167,5.1981
17.865,10.982,5.1981
18.304,11.202,5.1981
22.77,19.988,5.1981
6.2966,34.997,5.1981
6.8823,36.461,5.1981
9.0787,21.745,5.1981
10.104,34.485,5.1981
10.689,34.338,5.1981
14.423,33.313,5.1981
15.082,6.8823,5.1981
21.086,24.088,5.1981
6.0769,23.942,5.1981
6.6626,22.99,5.1981
7.1019,31.556,5.1981
7.468,24.308,5.1981
8.2002,23.429,5.1981
9.4448,18.816,5.1981
14.863,32.142,5.1981
15.375,31.336,5.1981
20.427,23.722,5.1981
21.818,22.184,5.1981
22.331,20.866,5.1981
23.502,16.181,5.1981
26.138,12.007,5.1981
5.1251,27.529,5.1981
6.2966,23.429,5.1981
7.468,23.649,5.1981
8.1269,21.745,5.1981
8.2734,22.55,5.1981
8.9323,11.861,5.1981
9.152,19.475,5.1981
10.25,36.315,5.1981
10.616,18.743,5.1981
10.689,35.07,5.1981
13.106,33.679,5.1981
16.254,28.408,5.1981
18.89,11.202,5.1981
19.036,11.861,5.1981
20.281,21.452,5.1981
20.866,20.866,5.1981
21.525,23.136,5.1981
22.331,19.329,5.1981
24.015,15.156,5.1981
24.527,15.229,5.1981
6.0037,25.113,5.1981
6.5894,37.12,5.1981
6.9555,23.942,5.1981
7.3216,22.55,5.1981
7.3948,25.259,5.1981
9.2252,20.94,5.1981
9.518,18.304,5.1981
14.716,33.313,5.1981
15.375,30.311,5.1981
17.718,27.602,5.1981
19.036,24.454,5.1981
19.475,25.113,5.1981
19.695,23.356,5.1981
19.915,24.161,5.1981
20.281,22.99,5.1981
20.793,19.841,5.1981
20.793,22.55,5.1981
21.306,19.036,5.1981
21.306,22.331,5.1981
21.452,19.768,5.1981
21.818,20.72,5.1981
21.965,18.377,5.1981
22.404,18.743,5.1981
23.429,14.79,5.1981
4.2465,28.701,5.1981
5.3447,29.14,5.1981
5.3447,29.579,5.1981
5.5644,26.431,5.1981
5.8573,33.826,5.1981
9.4448,17.718,5.1981
10.25,17.791,5.1981
15.888,32.508,5.1981
16.474,29.359,5.1981
16.913,28.261,5.1981
17.572,26.211,5.1981
17.572,28.554,5.1981
18.377,28.481,5.1981
18.45,25.406,5.1981
18.67,26.431,5.1981
18.816,23.795,5.1981
18.89,27.676,5.1981
19.622,11.934,5.1981
19.695,25.699,5.1981
19.841,20.94,5.1981
20.354,26.211,5.1981
20.427,20.5,5.1981
21.013,24.454,5.1981
21.891,16.547,5.1981
22.917,19.036,5.1981
23.136,15.522,5.1981
24.6,14.643,5.1981
4.1001,29.799,5.1981
4.6858,27.236,5.1981
5.418,25.845,5.1981
5.9305,34.265,5.1981
6.2966,25.918,5.1981
9.9573,19.402,5.1981
15.375,31.776,5.1981
15.961,30.97,5.1981
16.107,31.483,5.1981
16.327,28.701,5.1981
17.132,30.018,5.1981
18.377,25.918,5.1981
18.963,25.113,5.1981
20.354,12.154,5.1981
20.427,24.674,5.1981
20.427,25.479,5.1981
22.697,16.986,5.1981
23.868,14.497,5.1981
4.3929,30.677,5.1981
5.2715,35.363,5.1981
5.3447,25.186,5.1981
5.8573,27.236,5.1981
5.8573,29.213,5.1981
6.8091,25.333,5.1981
6.8091,27.529,5.1981
8.7127,10.763,5.1981
10.689,18.157,5.1981
12.081,13.765,5.1981
16.547,30.311,5.1981
18.011,26.724,5.1981
18.084,27.895,5.1981
18.524,27.09,5.1981
18.597,29.213,5.1981
18.816,25.918,5.1981
19.329,22.55,5.1981
19.841,27.09,5.1981
19.915,21.891,5.1981
21.891,17.572,5.1981
22.624,15.815,5.1981
22.77,9.152,5.1981
25.04,11.715,5.1981
26.358,10.543,5.1981
4.8322,34.924,5.1981
6.2966,29.14,5.1981
6.3698,30.604,5.1981
6.5894,31.483,5.1981
7.3216,33.972,5.1981
11.422,17.059,5.1981
16.766,31.629,5.1981
17.206,27.602,5.1981
17.718,29.213,5.1981
18.011,24.967,5.1981
22.99,13.545,5.1981
23.063,19.475,5.1981
23.356,14.423,5.1981
23.575,13.545,5.1981
24.308,8.9323,5.1981
26.065,11.348,5.1981
5.1983,34.558,5.1981
5.4912,30.97,5.1981
5.784,32.068,5.1981
5.9305,29.799,5.1981
5.9305,33.02,5.1981
6.2966,27.163,5.1981
6.2966,28.408,5.1981
6.2966,31.922,5.1981
18.597,24.015,5.1981
18.743,25.479,5.1981
20.866,11.641,5.1981
22.038,17.132,5.1981
22.77,14.57,5.1981
23.063,17.645,5.1981
23.502,13.106,5.1981
23.575,18.45,5.1981
23.722,12.52,5.1981
24.527,12.74,5.1981
25.333,9.2252,5.1981
25.406,12.813,5.1981
5.0519,29.872,5.1981
5.5644,36.095,5.1981
5.6376,30.385,5.1981
6.1501,31.263,5.1981
6.443,27.895,5.1981
6.443,29.506,5.1981
9.3716,16.913,5.1981
10.836,16.986,5.1981
11.861,16.913,5.1981
12.886,13.618,5.1981
17.499,30.97,5.1981
19.475,10.031,5.1981
19.841,22.477,5.1981
21.891,12.74,5.1981
22.258,11.861,5.1981
22.258,16.254,5.1981
22.843,12.007,5.1981
24.234,10.836,5.1981
25.552,10.177,5.1981
6.8091,30.238,5.1981
7.1019,31.556,5.1981
8.4198,31.043,5.1981
8.8591,30.385,5.1981
9.3716,9.0055,5.1981
9.4448,10.397,5.1981
10.177,9.3716,5.1981
11.788,13.106,5.1981
13.398,12.813,5.1981
17.132,8.493,5.1981
18.304,30.018,5.1981
19.329,27.822,5.1981
21.379,12.154,5.1981
21.818,10.909,5.1981
22.184,9.7377,5.1981
22.99,11.129,5.1981
24.381,9.9573,5.1981
24.747,9.6645,5.1981
25.259,11.129,5.1981
7.9073,31.702,5.1981
8.7127,11.568,5.1981
9.6645,30.824,5.1981
10.104,20.134,5.1981
10.982,12.007,5.1981
10.982,13.398,5.1981
12.593,12.813,5.1981
14.716,7.6144,5.1981
23.209,12.52,5.1981
23.795,9.0055,5.1981
24.6,11.641,5.1981
25.625,13.911,5.1981
25.699,9.3716,5.1981
4.5394,34.485,5.1981
7.3216,30.677,5.1981
8.0537,32.654,5.1981
9.5913,15.961,5.1981
9.8841,9.8109,5.1981
10.031,12.154,5.1981
10.177,16.766,5.1981
11.568,12.227,5.1981
13.106,11.568,5.1981
13.106,12.447,5.1981
14.131,10.104,5.1981
22.477,12.593,5.1981
23.942,11.715,5.1981
24.6,10.47,5.1981
25.113,10.689,5.1981
7.6144,33.02,5.1981
10.323,11.422,5.1981
10.397,8.0537,5.1981
10.543,10.616,5.1981
10.543,12.081,5.1981
10.836,12.74,5.1981
11.129,11.129,5.1981
12.959,6.8091,5.1981
13.398,8.1269,5.1981
13.765,7.8341,5.1981
14.497,6.8091,5.1981
15.229,9.3716,5.1981
23.283,9.7377,5.1981
5.7108,36.242,5.1981
8.1269,34.777,5.1981
8.2002,33.02,5.1981
8.2002,33.606,5.1981
9.5913,11.715,5.1981
10.25,31.41,5.1981
10.909,8.6395,5.1981
12.154,9.7377,5.1981
12.3,11.348,5.1981
13.106,10.397,5.1981
13.252,10.982,5.1981
13.618,9.152,5.1981
14.131,12.007,5.1981
21.159,10.397,5.1981
21.745,10.323,5.1981
23.209,10.397,5.1981
24.381,17.206,5.1981
6.5162,32.801,5.1981
7.3216,33.313,5.1981
8.7127,16.107,5.1981
9.2984,15.375,5.1981
9.8841,8.8591,5.1981
10.689,19.402,5.1981
10.982,9.6645,5.1981
11.495,9.8841,5.1981
12.227,9.0787,5.1981
12.593,10.177,5.1981
12.666,8.1269,5.1981
13.984,10.763,5.1981
14.497,8.7127,5.1981
14.57,10.25,5.1981
14.936,9.8109,5.1981
16.4,10.397,5.1981
24.82,9.0055,5.1981
7.1019,29.286,5.1981
7.468,29.506,5.1981
7.7609,26.504,5.1981
7.7609,27.017,5.1981
7.8341,27.676,5.1981
7.9073,28.261,5.1981
8.0537,29.14,5.1981
8.2734,24.674,5.1981
8.493,25.333,5.1981
8.5662,25.918,5.1981
8.5662,27.456,5.1981
8.6395,28.115,5.1981
8.7127,24.381,5.1981
8.7859,28.993,5.1981
8.9323,29.726,5.1981
9.0787,26.284,5.1981
9.152,23.136,5.1981
9.2252,27.602,5.1981
9.3716,25.259,5.1981
9.6645,21.891,5.1981
9.6645,27.163,5.1981
9.6645,28.774,5.1981
9.6645,29.067,5.1981
9.8109,24.82,5.1981
9.8109,27.456,5.1981
10.031,23.868,5.1981
10.031,28.92,5.1981
10.104,21.086,5.1981
10.177,22.038,5.1981
10.397,28.554,5.1981
10.397,30.604,5.1981
10.47,26.211,5.1981
10.47,27.822,5.1981
10.543,20.574,5.1981
10.616,23.209,5.1981
10.616,23.868,5.1981
10.689,26.724,5.1981
10.763,22.77,5.1981
10.763,29.506,5.1981
10.836,19.915,5.1981
10.909,25.845,5.1981
10.909,27.968,5.1981
11.056,19.768,5.1981
11.202,21.672,5.1981
11.202,27.456,5.1981
11.275,18.377,5.1981
11.275,23.942,5.1981
11.275,24.967,5.1981
11.275,29.067,5.1981
11.275,29.726,5.1981
11.495,23.722,5.1981
11.495,26.504,5.1981
11.641,18.67,5.1981
11.641,19.475,5.1981
11.641,30.238,5.1981
11.715,27.163,5.1981
11.788,28.92,5.1981
11.861,22.038,5.1981
11.861,22.331,5.1981
11.934,22.99,5.1981
11.934,25.333,5.1981
11.934,28.408,5.1981
12.007,20.574,5.1981
12.154,26.943,5.1981
12.154,31.336,5.1981
12.227,19.036,5.1981
12.227,23.942,5.1981
12.227,30.311,5.1981
12.227,30.897,5.1981
12.3,27.309,5.1981
12.3,27.968,5.1981
12.447,29.799,5.1981
12.52,17.865,5.1981
12.52,21.233,5.1981
12.593,25.259,5.1981
12.666,22.77,5.1981
12.666,23.502,5.1981
12.666,30.97,5.1981
12.74,16.84,5.1981
12.813,18.231,5.1981
12.886,21.745,5.1981
12.886,28.847,5.1981
12.959,20.061,5.1981
12.959,26.284,5.1981
12.959,29.945,5.1981
12.959,30.897,5.1981
12.959,31.41,5.1981
13.032,15.156,5.1981
13.032,19.695,5.1981
13.032,24.088,5.1981
13.032,25.333,5.1981
13.106,18.89,5.1981
13.106,20.647,5.1981
13.179,27.895,5.1981
13.252,15.595,5.1981
13.252,17.352,5.1981
13.252,18.011,5.1981
13.252,22.111,5.1981
13.325,22.697,5.1981
13.398,26.943,5.1981
13.472,14.131,5.1981
13.472,20.94,5.1981
13.472,23.429,5.1981
13.545,16.913,5.1981
13.545,18.377,5.1981
13.545,31.41,5.1981
13.618,24.381,5.1981
13.618,29.872,5.1981
13.691,16.034,5.1981
13.691,16.766,5.1981
13.765,13.325,5.1981
13.838,17.865,5.1981
13.838,20.354,5.1981
13.838,30.751,5.1981
13.911,12.593,5.1981
13.911,22.477,5.1981
13.911,28.993,5.1981
13.984,23.209,5.1981
13.984,26.431,5.1981
14.057,27.676,5.1981
14.057,29.506,5.1981
14.131,12.593,5.1981
14.131,14.497,5.1981
14.131,28.774,5.1981
14.204,32.068,5.1981
14.277,15.302,5.1981
14.277,16.181,5.1981
14.277,20.281,5.1981
14.277,21.818,5.1981
14.277,25.992,5.1981
14.277,32.581,5.1981
14.35,23.502,5.1981
14.35,28.042,5.1981
14.423,18.231,5.1981
14.497,11.861,5.1981
14.497,14.497,5.1981
14.497,19.036,5.1981
14.57,16.84,5.1981
14.57,24.967,5.1981
14.643,12.52,5.1981
14.643,13.179,5.1981
14.643,26.724,5.1981
14.643,31.483,5.1981
14.716,11.129,5.1981
14.716,13.252,5.1981
14.716,22.917,5.1981
14.716,29.286,5.1981
14.716,30.311,5.1981
14.79,24.308,5.1981
14.863,27.456,5.1981
14.936,13.325,5.1981
14.936,23.209,5.1981
14.936,26.358,5.1981
14.936,30.897,5.1981
15.009,13.691,5.1981
15.009,28.554,5.1981
15.156,16.474,5.1981
15.229,11.715,5.1981
15.229,13.838,5.1981
15.229,15.961,5.1981
15.229,23.429,5.1981
15.302,18.157,5.1981
15.302,24.527,5.1981
15.375,10.763,5.1981
15.375,12.593,5.1981
15.449,14.204,5.1981
15.449,29.506,5.1981
15.522,19.622,5.1981
15.522,26.138,5.1981
15.595,13.325,5.1981
15.595,13.984,5.1981
15.595,17.059,5.1981
15.595,18.89,5.1981
15.668,23.868,5.1981
15.668,27.602,5.1981
15.815,28.408,5.1981
15.888,24.454,5.1981
15.961,14.716,5.1981
15.961,15.229,5.1981
15.961,20.134,5.1981
15.961,26.577,5.1981
16.034,15.595,5.1981
16.034,18.524,5.1981
16.107,23.209,5.1981
16.181,12.74,5.1981
16.254,13.691,5.1981
16.254,17.425,5.1981
16.254,25.479,5.1981
16.254,27.017,5.1981
16.327,11.056,5.1981
16.327,16.913,5.1981
16.4,16.327,5.1981
16.4,19.036,5.1981
16.474,14.423,5.1981
16.474,23.136,5.1981
16.474,27.602,5.1981
16.547,21.159,5.1981
16.547,22.404,5.1981
16.547,24.82,5.1981
16.62,13.032,5.1981
16.62,13.838,5.1981
16.693,10.836,5.1981
16.693,19.622,5.1981
16.693,26.284,5.1981
16.84,14.423,5.1981
16.84,15.595,5.1981
16.913,11.495,5.1981
16.913,17.279,5.1981
16.913,23.356,5.1981
16.986,14.79,5.1981
17.059,18.011,5.1981
17.059,20.5,5.1981
17.059,22.258,5.1981
17.132,18.524,5.1981
17.206,24.088,5.1981
17.279,25.333,5.1981
17.499,14.936,5.1981
17.499,23.063,5.1981
17.499,24.967,5.1981
17.572,18.89,5.1981
17.572,21.379,5.1981
17.645,16.913,5.1981
17.645,17.572,5.1981
17.645,19.695,5.1981
17.645,21.891,5.1981
17.718,18.524,5.1981
17.791,15.668,5.1981
17.791,20.208,5.1981
17.938,12.593,5.1981
18.011,23.868,5.1981
18.084,15.961,5.1981
18.084,16.62,5.1981
18.084,23.136,5.1981
18.157,13.911,5.1981
18.231,21.086,5.1981
18.304,22.404,5.1981
18.377,17.645,5.1981
18.45,18.304,5.1981
18.45,19.549,5.1981
18.45,21.525,5.1981
18.597,20.793,5.1981
18.67,14.863,5.1981
18.816,13.398,5.1981
18.89,14.131,5.1981
18.89,16.986,5.1981
18.89,17.791,5.1981
18.963,15.961,5.1981
19.036,20.354,5.1981
19.036,22.111,5.1981
19.109,19.475,5.1981
19.183,12.52,5.1981
19.183,14.716,5.1981
19.256,18.597,5.1981
19.329,21.306,5.1981
19.475,20.208,5.1981
19.622,12.886,5.1981
19.695,13.472,5.1981
19.695,15.302,5.1981
19.695,17.791,5.1981
19.841,17.425,5.1981
19.915,14.277,5.1981
19.988,16.107,5.1981
20.134,14.643,5.1981
20.134,16.474,5.1981
20.134,19.402,5.1981
20.208,15.449,5.1981
20.281,17.279,5.1981
20.5,13.325,5.1981
20.574,18.45,5.1981
20.647,14.35,5.1981
20.647,16.107,5.1981
20.866,15.595,5.1981
20.94,13.838,5.1981
21.013,14.643,5.1981
21.013,17.206,5.1981
21.159,17.718,5.1981
21.525,15.302,5.1981
21.525,16.327,5.1981
21.599,13.106,5.1981
21.818,14.497,5.1981
22.331,14.204,5.1981
22.404,13.545,5.1981
15.082,14.936,5.249
13.325,15.302,6.5231
13.545,17.425,6.5231
15.815,18.67,6.5231
20.427,12.886,6.5231
6.6626,33.826,6.574
7.3948,35.436,6.574
7.9805,33.899,6.574
8.2002,32.361,6.574
8.9323,31.776,6.574
9.8109,7.6144,6.574
10.616,16.766,6.574
11.422,11.202,6.574
11.715,10.616,6.574
11.934,7.9805,6.574
13.545,11.788,6.574
14.423,8.0537,6.574
15.009,8.0537,6.574
18.524,9.5913,6.574
8.4198,12.154,6.574
8.7859,20.866,6.574
8.8591,10.104,6.574
9.8109,31.776,6.574
10.47,31.702,6.574
10.616,14.057,6.574
10.689,15.082,6.574
11.275,9.152,6.574
11.568,7.6876,6.574
12.081,16.107,6.574
13.618,10.543,6.574
14.936,10.177,6.574
15.815,8.2734,6.574
16.547,8.4198,6.574
7.5412,34.997,6.574
8.7859,33.826,6.574
9.0787,14.716,6.574
9.2252,14.057,6.574
9.7377,33.533,6.574
9.8841,14.863,6.574
10.031,32.801,6.574
10.836,33.46,6.574
11.202,15.449,6.574
11.348,16.254,6.574
11.348,31.922,6.574
11.861,33.167,6.574
11.934,15.302,6.574
12.3,7.9805,6.574
15.961,9.8109,6.574
17.352,9.518,6.574
8.1269,13.691,6.574
9.0787,33.02,6.574
10.104,14.057,6.574
10.397,33.24,6.574
10.689,15.815,6.574
10.763,34.192,6.574
11.861,32.288,6.574
12.3,31.922,6.574
16.474,7.6876,6.574
18.011,10.909,6.574
20.061,9.7377,6.574
6.9555,34.265,6.574
8.7127,35.436,6.574
9.3716,12.3,6.574
9.4448,37.706,6.574
9.9573,13.106,6.574
10.323,32.215,6.574
11.568,14.497,6.574
11.568,33.606,6.574
11.568,34.192,6.574
12.813,32.654,6.574
15.375,7.3216,6.574
16.913,9.8841,6.574
17.352,8.7127,6.574
22.697,9.2252,6.574
24.82,16.107,6.574
9.0055,12.154,6.574
9.0787,34.997,6.574
11.934,33.826,6.574
12.813,33.972,6.574
14.863,7.0287,6.574
14.936,33.899,6.574
16.693,9.2984,6.574
19.402,10.177,6.574
19.695,27.529,6.574
20.647,10.25,6.574
6.6626,23.283,6.574
7.3948,35.729,6.574
8.6395,13.252,6.574
9.2252,33.972,6.574
9.518,35.583,6.574
9.6645,35.07,6.574
10.177,34.411,6.574
12.154,36.242,6.574
12.447,34.924,6.574
17.938,9.5913,6.574
24.527,16.913,6.574
7.468,22.477,6.574
8.7859,36.827,6.574
9.3716,14.204,6.574
9.5913,36.608,6.574
10.104,35.144,6.574
10.47,36.022,6.574
10.763,36.388,6.574
11.568,34.704,6.574
12.227,35.29,6.574
13.106,33.606,6.574
13.618,32.874,6.574
14.277,6.6626,6.574
15.815,7.3948,6.574
20.281,10.836,6.574
23.795,18.157,6.574
24.088,8.7859,6.574
6.3698,32.727,6.574
6.443,34.997,6.574
6.8091,35.217,6.574
7.9805,37.34,6.574
8.3466,36.095,6.574
10.909,35.144,6.574
11.641,35.876,6.574
12.3,14.57,6.574
12.447,13.911,6.574
12.52,15.229,6.574
13.545,35.07,6.574
19.329,11.275,6.574
20.72,25.772,6.574
4.2465,32.727,6.574
4.3929,29.433,6.574
7.1751,36.315,6.574
7.5412,36.901,6.574
9.2252,12.959,6.574
10.177,13.179,6.574
14.057,33.826,6.574
14.35,34.265,6.574
18.743,11.056,6.574
21.379,24.234,6.574
22.55,21.672,6.574
22.99,19.695,6.574
23.942,15.961,6.574
24.308,17.572,6.574
7.3948,23.795,6.574
9.152,21.745,6.574
9.2252,21.013,6.574
12.74,34.924,6.574
13.179,34.265,6.574
19.841,11.495,6.574
21.086,24.82,6.574
23.649,16.327,6.574
4.5394,33.679,6.574
4.759,27.822,6.574
6.9555,24.967,6.574
6.9555,36.754,6.574
9.2984,19.915,6.574
14.277,33.167,6.574
14.497,32.654,6.574
15.815,30.897,6.574
16.034,32.801,6.574
22.184,22.55,6.574
22.477,20.94,6.574
23.795,18.743,6.574
4.5394,28.554,6.574
5.1251,26.284,6.574
5.3447,33.46,6.574
5.3447,35.144,6.574
6.9555,26.577,6.574
7.6144,24.381,6.574
7.9073,23.283,6.574
8.3466,22.697,6.574
14.936,33.679,6.574
15.375,31.263,6.574
16.254,31.263,6.574
16.547,31.849,6.574
17.352,27.017,6.574
18.67,29.506,6.574
19.915,23.868,6.574
20.72,22.697,6.574
21.599,19.549,6.574
22.111,20.72,6.574
22.99,15.815,6.574
26.577,10.616,6.574
4.3929,31.19,6.574
5.3447,32.727,6.574
5.9305,34.045,6.574
5.9305,36.242,6.574
6.0037,26.651,6.574
6.1501,24.015,6.574
6.8823,25.992,6.574
7.6876,22.404,6.574
12.959,13.984,6.574
15.522,32.654,6.574
19.109,24.381,6.574
19.183,23.502,6.574
19.256,11.641,6.574
19.695,23.209,6.574
19.988,25.772,6.574
20.281,24.088,6.574
20.5,23.356,6.574
21.086,19.841,6.574
21.306,18.89,6.574
21.599,23.283,6.574
22.038,19.768,6.574
22.477,19.183,6.574
23.722,14.863,6.574
5.3447,27.309,6.574
5.784,30.677,6.574
6.0037,25.918,6.574
6.2966,27.309,6.574
6.3698,23.575,6.574
6.443,25.04,6.574
16.474,28.408,6.574
16.766,27.602,6.574
16.766,30.531,6.574
17.279,31.556,6.574
18.524,26.284,6.574
19.988,27.09,6.574
20.061,12.227,6.574
20.427,11.495,6.574
20.793,25.552,6.574
21.745,16.766,6.574
21.745,22.111,6.574
22.697,16.913,6.574
23.356,17.132,6.574
4.5394,29.506,6.574
4.6126,30.311,6.574
5.418,34.411,6.574
5.4912,29.799,6.574
6.1501,32.947,6.574
6.443,34.777,6.574
7.1019,25.186,6.574
9.0787,20.427,6.574
9.518,17.572,6.574
9.6645,21.013,6.574
16.034,29.359,6.574
16.4,32.361,6.574
16.62,29.14,6.574
17.352,28.188,6.574
17.938,29.213,6.574
18.231,24.674,6.574
18.377,27.676,6.574
18.597,24.015,6.574
18.89,26.065,6.574
19.256,22.038,6.574
19.841,24.454,6.574
19.988,26.284,6.574
20.72,19.183,6.574
20.72,20.72,6.574
21.013,12.007,6.574
21.086,21.525,6.574
21.159,23.283,6.574
21.525,18.231,6.574
22.258,17.572,6.574
22.331,18.377,6.574
22.55,16.327,6.574
23.063,14.716,6.574
23.502,14.497,6.574
23.795,13.691,6.574
24.454,14.57,6.574
24.527,17.425,6.574
24.747,13.472,6.574
4.3197,32.361,6.574
5.0519,31.556,6.574
5.6376,27.822,6.574
5.7108,28.701,6.574
7.5412,25.333,6.574
8.2002,24.015,6.574
8.5662,21.379,6.574
8.9323,10.47,6.574
9.518,8.9323,6.574
10.323,8.493,6.574
10.616,17.791,6.574
10.909,18.231,6.574
17.572,31.117,6.574
17.645,30.238,6.574
17.718,26.211,6.574
17.791,28.261,6.574
18.743,25.406,6.574
18.743,27.09,6.574
19.036,27.602,6.574
19.183,25.04,6.574
20.134,21.672,6.574
20.134,22.624,6.574
20.5,21.525,6.574
21.379,12.959,6.574
21.525,17.572,6.574
21.525,24.234,6.574
4.759,28.042,6.574
5.3447,29.286,6.574
6.3698,27.895,6.574
7.0287,27.163,6.574
7.0287,31.117,6.574
9.4448,19.622,6.574
10.177,19.915,6.574
17.059,29.652,6.574
18.231,26.651,6.574
19.622,21.379,6.574
19.768,25.186,6.574
20.208,20.793,6.574
21.965,13.032,6.574
22.843,13.618,6.574
23.356,13.691,6.574
24.015,14.643,6.574
25.625,12.959,6.574
26.211,11.568,6.574
5.3447,30.604,6.574
6.5162,31.922,6.574
7.0287,25.552,6.574
10.47,12.959,6.574
10.47,16.913,6.574
13.618,7.0287,6.574
16.766,28.554,6.574
17.352,27.309,6.574
19.256,22.624,6.574
21.013,18.524,6.574
21.379,10.689,6.574
22.184,12.593,6.574
24.088,13.106,6.574
24.893,9.6645,6.574
24.967,12.666,6.574
25.772,10.397,6.574
25.772,11.934,6.574
4.3929,33.02,6.574
4.759,34.485,6.574
5.784,24.6,6.574
5.8573,29.433,6.574
6.3698,29.799,6.574
9.7377,16.986,6.574
12.447,13.618,6.574
18.011,25.918,6.574
20.5,26.797,6.574
21.525,12.154,6.574
22.184,10.689,6.574
22.55,9.7377,6.574
24.015,18.67,6.574
24.308,10.397,6.574
24.893,10.909,6.574
26.504,9.9573,6.574
5.7108,31.336,6.574
6.8823,30.092,6.574
9.6645,13.984,6.574
10.323,19.402,6.574
10.763,11.934,6.574
11.129,17.206,6.574
11.202,12.666,6.574
12.227,13.106,6.574
12.593,11.275,6.574
12.813,12.959,6.574
12.886,7.1751,6.574
13.472,9.3716,6.574
14.497,10.323,6.574
18.89,28.701,6.574
21.525,11.348,6.574
22.404,11.934,6.574
22.917,12.666,6.574
23.795,12.227,6.574
24.674,17.499,6.574
24.893,11.788,6.574
25.625,9.4448,6.574
7.5412,30.531,6.574
7.9073,30.018,6.574
8.0537,31.629,6.574
8.3466,32.288,6.574
9.2252,30.531,6.574
10.616,11.348,6.574
10.836,14.057,6.574
11.202,13.398,6.574
11.275,8.493,6.574
11.275,10.031,6.574
11.422,11.715,6.574
11.641,10.616,6.574
11.715,9.4448,6.574
11.788,13.618,6.574
11.861,10.031,6.574
12.3,11.861,6.574
13.032,10.25,6.574
13.618,11.788,6.574
23.795,11.275,6.574
24.234,11.788,6.574
25.406,10.763,6.574
25.552,11.348,6.574
4.6858,28.188,6.574
7.3216,31.41,6.574
8.9323,33.02,6.574
9.5913,19.109,6.574
9.6645,10.25,6.574
9.6645,18.157,6.574
10.763,10.397,6.574
11.348,8.9323,6.574
11.861,12.373,6.574
12.813,7.9805,6.574
12.813,12.52,6.574
13.398,7.1019,6.574
13.984,9.3716,6.574
14.057,8.0537,6.574
14.204,11.056,6.574
23.063,12.007,6.574
23.356,10.909,6.574
23.502,9.9573,6.574
23.722,10.616,6.574
6.443,32.581,6.574
8.9323,11.202,6.574
9.3716,16.62,6.574
9.8109,11.715,6.574
9.8109,31.922,6.574
10.177,11.202,6.574
10.177,16.107,6.574
10.25,19.695,6.574
10.323,10.031,6.574
10.543,32.068,6.574
11.202,10.909,6.574
11.715,17.206,6.574
12.227,8.6395,6.574
13.618,10.836,6.574
14.936,9.0055,6.574
15.595,9.4448,6.574
8.1269,32.654,6.574
8.8591,20.866,6.574
9.152,32.435,6.574
9.7377,10.836,6.574
10.25,8.9323,6.574
11.788,11.202,6.574
12.3,12.3,6.574
12.52,10.397,6.574
12.593,9.518,6.574
13.765,8.5662,6.574
14.716,9.518,6.574
15.302,10.104,6.574
17.279,8.5662,6.574
4.2465,30.897,6.574
7.6876,32.508,6.574
8.8591,15.229,6.574
9.3716,9.8109,6.574
9.9573,15.595,6.574
10.47,12.3,6.574
11.715,7.9073,6.574
14.057,7.1751,6.574
14.863,8.2734,6.574
14.936,7.8341,6.574
17.938,9.152,6.574
18.89,9.8841,6.574
20.647,10.031,6.574
8.5662,14.716,6.574
10.25,15.229,6.574
10.689,9.5913,6.574
15.082,7.2484,6.574
15.449,8.2734,6.574
15.815,8.7127,6.574
16.327,10.104,6.574
25.918,9.152,6.574
26.724,10.689,6.574
6.2233,29.067,6.574
6.5162,28.481,6.574
7.1751,27.822,6.574
7.6144,28.261,6.574
7.6876,29.506,6.574
7.9805,26.797,6.574
7.9805,27.968,6.574
8.0537,26.211,6.574
8.2002,27.383,6.574
8.3466,25.625,6.574
8.4198,24.6,6.574
8.4198,29.14,6.574
8.493,26.358,6.574
8.8591,24.308,6.574
8.8591,25.04,6.574
8.9323,27.822,6.574
9.0055,23.868,6.574
9.0055,25.845,6.574
9.152,26.87,6.574
9.152,28.627,6.574
9.152,29.433,6.574
9.2984,23.063,6.574
9.3716,27.456,6.574
9.5913,26.138,6.574
9.5913,27.676,6.574
9.5913,28.993,6.574
9.8109,25.04,6.574
9.8109,27.017,6.574
10.031,30.092,6.574
10.031,30.824,6.574
10.104,23.868,6.574
10.104,24.527,6.574
10.104,28.847,6.574
10.177,23.283,6.574
10.25,21.306,6.574
10.323,27.529,6.574
10.323,29.506,6.574
10.47,21.818,6.574
10.47,23.502,6.574
10.47,25.113,6.574
10.543,26.797,6.574
10.616,25.992,6.574
10.616,28.627,6.574
10.763,22.843,6.574
10.763,30.385,6.574
10.909,20.72,6.574
10.982,24.454,6.574
11.129,21.818,6.574
11.129,25.992,6.574
11.202,29.652,6.574
11.348,21.379,6.574
11.348,23.063,6.574
11.348,27.676,6.574
11.422,19.841,6.574
11.568,24.015,6.574
11.568,27.09,6.574
11.568,29.14,6.574
11.641,18.304,6.574
11.641,20.72,6.574
11.641,29.652,6.574
11.641,30.531,6.574
11.715,25.772,6.574
11.788,17.938,6.574
11.788,28.774,6.574
11.861,22.843,6.574
11.934,22.184,6.574
12.007,21.818,6.574
12.007,23.575,6.574
12.081,20.208,6.574
12.227,18.963,6.574
12.227,30.531,6.574
12.3,17.132,6.574
12.3,20.72,6.574
12.3,28.261,6.574
12.3,31.336,6.574
12.52,15.668,6.574
12.52,21.086,6.574
12.52,30.385,6.574
12.593,24.308,6.574
12.593,29.652,6.574
12.666,22.843,6.574
12.666,27.456,6.574
12.74,16.547,6.574
12.74,23.502,6.574
12.813,18.011,6.574
12.886,25.333,6.574
12.959,21.672,6.574
13.032,15.668,6.574
13.032,17.352,6.574
13.032,26.284,6.574
13.106,29.726,6.574
13.106,30.238,6.574
13.106,30.897,6.574
13.179,31.556,6.574
13.325,22.038,6.574
13.325,24.015,6.574
13.398,20.574,6.574
13.398,28.261,6.574
13.472,14.716,6.574
13.472,18.157,6.574
13.545,19.768,6.574
13.545,32.361,6.574
13.618,13.765,6.574
13.618,27.676,6.574
13.691,22.55,6.574
13.691,25.333,6.574
13.765,18.377,6.574
13.838,14.057,6.574
13.838,20.866,6.574
13.838,23.429,6.574
13.838,26.87,6.574
13.838,30.897,6.574
13.911,13.032,6.574
13.911,24.454,6.574
14.057,13.545,6.574
14.057,29.286,6.574
14.131,12.74,6.574
14.131,16.254,6.574
14.131,31.483,6.574
14.131,31.922,6.574
14.204,18.157,6.574
14.204,27.749,6.574
14.277,29.726,6.574
14.423,20.354,6.574
14.497,16.474,6.574
14.497,26.065,6.574
14.497,28.408,6.574
14.57,15.595,6.574
14.643,14.57,6.574
14.643,30.385,6.574
14.716,12.74,6.574
14.79,12.154,6.574
14.79,18.377,6.574
14.79,22.038,6.574
14.79,24.088,6.574
14.79,24.893,6.574
14.79,30.751,6.574
14.79,31.41,6.574
14.863,17.132,6.574
14.863,21.306,6.574
14.863,26.87,6.574
14.936,11.348,6.574
14.936,19.329,6.574
14.936,22.624,6.574
15.009,10.47,6.574
15.009,27.602,6.574
15.082,14.79,6.574
15.156,23.209,6.574
15.156,30.018,6.574
15.229,13.545,6.574
15.229,13.618,6.574
15.229,19.402,6.574
15.229,29.213,6.574
15.229,30.238,6.574
15.302,25.333,6.574
15.302,28.334,6.574
15.449,16.62,6.574
15.522,14.204,6.574
15.522,16.474,6.574
15.522,24.527,6.574
15.522,28.92,6.574
15.595,15.815,6.574
15.595,18.084,6.574
15.668,11.129,6.574
15.668,12.154,6.574
15.741,14.277,6.574
15.741,25.259,6.574
15.815,12.593,6.574
15.815,23.502,6.574
15.815,26.138,6.574
15.888,20.208,6.574
15.888,28.554,6.574
15.961,13.106,6.574
15.961,14.863,6.574
15.961,27.676,6.574
16.034,11.422,6.574
16.034,15.595,6.574
16.107,17.279,6.574
16.181,13.472,6.574
16.181,25.333,6.574
16.181,26.651,6.574
16.254,15.375,6.574
16.254,24.381,6.574
16.4,20.134,6.574
16.474,11.348,6.574
16.547,10.982,6.574
16.547,17.645,6.574
16.547,18.231,6.574
16.62,24.747,6.574
16.693,12.447,6.574
16.693,13.106,6.574
16.693,18.816,6.574
16.693,23.063,6.574
16.766,11.861,6.574
16.766,16.84,6.574
16.766,19.329,6.574
16.766,21.452,6.574
16.913,12.593,6.574
16.913,12.959,6.574
16.913,21.525,6.574
16.913,22.477,6.574
16.913,26.211,6.574
16.986,10.982,6.574
16.986,13.765,6.574
17.059,14.423,6.574
17.132,20.061,6.574
17.206,23.283,6.574
17.279,11.422,6.574
17.279,14.277,6.574
17.279,24.381,6.574
17.352,13.325,6.574
17.352,17.279,6.574
17.352,18.084,6.574
17.352,18.597,6.574
17.352,22.404,6.574
17.425,15.229,6.574
17.425,23.722,6.574
17.499,21.452,6.574
17.572,20.72,6.574
17.645,24.967,6.574
17.718,14.643,6.574
17.791,15.009,6.574
17.791,23.136,6.574
17.865,19.475,6.574
17.938,16.693,6.574
18.084,18.377,6.574
18.084,20.208,6.574
18.157,17.645,6.574
18.157,18.963,6.574
18.231,13.618,6.574
18.231,23.649,6.574
18.304,11.641,6.574
18.377,16.034,6.574
18.45,14.863,6.574
18.524,20.866,6.574
18.524,22.477,6.574
18.597,14.277,6.574
18.67,12.593,6.574
18.67,17.938,6.574
18.67,21.452,6.574
18.743,13.838,6.574
18.743,19.402,6.574
19.183,17.059,6.574
19.183,17.865,6.574
19.256,12.081,6.574
19.256,16.327,6.574
19.256,18.67,6.574
19.256,19.915,6.574
19.329,14.79,6.574
19.329,15.815,6.574
19.402,13.472,6.574
19.475,20.427,6.574
19.549,12.74,6.574
19.549,16.986,6.574
19.549,19.622,6.574
19.915,13.252,6.574
19.915,15.229,6.574
19.988,17.572,6.574
19.988,18.45,6.574
20.134,14.35,6.574
20.208,15.741,6.574
20.281,19.695,6.574
20.5,16.181,6.574
20.5,17.059,6.574
20.574,13.911,6.574
20.94,15.449,6.574
21.086,16.181,6.574
21.233,14.277,6.574
21.452,14.643,6.574
21.818,15.888,6.574
21.965,15.375,6.574
22.038,14.131,6.574
22.184,13.472,6.574
22.184,15.595,6.574
22.697,14.35,6.574
10.25,19.915,7.95
11.056,30.531,7.95
16.693,8.2002,7.95
16.693,9.0055,7.95
17.132,10.763,7.95
17.279,13.179,7.95
9.4448,15.522,7.95
10.763,14.863,7.95
11.056,14.131,7.95
11.056,15.815,7.95
11.861,15.375,7.95
11.934,16.4,7.95
12.447,16.181,7.95
14.35,19.036,7.95
17.059,9.7377,7.95
18.084,12.666,7.95
9.7377,14.57,7.95
10.47,8.6395,7.95
10.689,19.402,7.95
11.348,15.302,7.95
14.35,20.647,7.95
16.034,7.7609,7.95
20.647,10.909,7.95
8.5662,13.984,7.95
9.7377,14.057,7.95
10.397,13.618,7.95
11.934,14.57,7.95
14.716,18.524,7.95
14.936,19.622,7.95
15.009,20.281,7.95
17.132,11.202,7.95
18.084,10.763,7.95
6.2233,25.918,7.95
7.1019,22.917,7.95
9.4448,14.863,7.95
12.593,15.449,7.95
13.106,16.84,7.95
13.472,15.961,7.95
13.765,14.936,7.95
15.888,7.2484,7.95
17.572,8.9323,7.95
17.572,11.275,7.95
17.645,9.5913,7.95
20.134,10.104,7.95
20.793,26.577,7.95
25.259,15.815,7.95
10.104,12.886,7.95
10.982,14.936,7.95
14.057,16.181,7.95
18.963,12.593,7.95
10.323,14.57,7.95
10.909,25.918,7.95
12.666,14.716,7.95
13.618,15.595,7.95
14.277,17.206,7.95
14.423,17.865,7.95
14.936,17.865,7.95
16.766,27.383,7.95
19.402,10.25,7.95
19.475,11.641,7.95
22.477,10.397,7.95
8.8591,12.52,7.95
9.0055,13.179,7.95
9.2984,12.373,7.95
11.202,19.402,7.95
12.886,15.961,7.95
13.691,17.718,7.95
15.156,27.676,7.95
18.743,9.518,7.95
18.816,10.982,7.95
20.354,11.348,7.95
7.6876,23.868,7.95
8.2002,26.065,7.95
9.6645,13.032,7.95
10.616,12.959,7.95
14.497,16.4,7.95
14.57,19.256,7.95
20.354,11.934,7.95
24.82,17.499,7.95
4.3197,30.677,7.95
4.6126,29.652,7.95
7.3948,25.259,7.95
13.032,23.429,7.95
13.325,14.277,7.95
13.691,19.475,7.95
13.984,20.134,7.95
14.131,18.67,7.95
14.936,14.863,7.95
15.668,23.429,7.95
17.425,20.647,7.95
24.527,15.302,7.95
4.9787,27.602,7.95
6.7358,23.722,7.95
8.493,22.404,7.95
8.5662,21.525,7.95
9.2984,21.525,7.95
11.056,14.131,7.95
11.641,7.7609,7.95
12.813,14.35,7.95
14.936,15.888,7.95
18.45,20.72,7.95
21.452,24.747,7.95
24.088,15.741,7.95
25.479,14.716,7.95
5.7108,27.017,7.95
6.1501,25.552,7.95
6.8091,24.82,7.95
7.1751,26.87,7.95
7.8341,24.6,7.95
9.0055,24.308,7.95
9.2252,23.429,7.95
9.518,17.865,7.95
11.129,24.234,7.95
13.984,26.943,7.95
14.423,13.691,7.95
15.082,17.352,7.95
15.082,26.577,7.95
15.741,16.84,7.95
15.741,24.527,7.95
19.402,24.381,7.95
19.841,12.52,7.95
21.306,21.379,7.95
21.379,12.007,7.95
21.818,24.161,7.95
24.234,16.84,7.95
5.9305,27.676,7.95
7.9805,22.111,7.95
8.2734,23.868,7.95
8.5662,25.406,7.95
9.7377,22.624,7.95
10.25,25.04,7.95
10.397,23.429,7.95
10.543,18.743,7.95
10.909,26.065,7.95
11.129,18.597,7.95
11.422,19.841,7.95
11.715,21.965,7.95
12.081,19.475,7.95
12.447,27.017,7.95
13.472,18.816,7.95
15.449,13.765,7.95
15.741,19.695,7.95
15.741,26.065,7.95
15.888,18.67,7.95
17.059,19.036,7.95
20.208,13.179,7.95
21.745,21.599,7.95
22.038,23.356,7.95
22.477,22.99,7.95
22.624,22.331,7.95
23.795,9.8841,7.95
24.015,14.716,7.95
24.527,14.57,7.95
25.259,8.9323,7.95
26.724,12.373,7.95
7.9073,28.408,7.95
8.2002,26.211,7.95
9.152,22.77,7.95
9.8109,18.963,7.95
9.9573,22.331,7.95
10.397,21.745,7.95
10.543,27.529,7.95
10.836,22.843,7.95
11.495,25.113,7.95
11.641,27.236,7.95
12.007,20.72,7.95
12.3,20.134,7.95
12.3,22.843,7.95
13.106,21.745,7.95
13.618,26.358,7.95
14.497,15.888,7.95
15.888,25.259,7.95
16.107,15.668,7.95
16.254,17.352,7.95
16.547,18.89,7.95
16.693,25.406,7.95
16.84,23.063,7.95
17.352,19.841,7.95
19.036,19.475,7.95
19.841,21.452,7.95
19.988,24.381,7.95
20.208,22.258,7.95
20.5,24.088,7.95
21.379,19.988,7.95
22.038,22.404,7.95
22.258,16.693,7.95
22.624,18.45,7.95
23.283,9.3716,7.95
23.356,15.522,7.95
24.161,18.304,7.95
24.6,18.157,7.95
27.017,11.129,7.95
4.6858,29.286,7.95
5.8573,28.774,7.95
6.2966,24.161,7.95
6.3698,26.724,7.95
6.7358,28.554,7.95
7.3216,23.502,7.95
7.3948,25.479,7.95
7.468,28.115,7.95
8.2002,26.943,7.95
8.4198,27.895,7.95
9.0787,11.715,7.95
9.152,27.676,7.95
9.6645,20.793,7.95
9.8841,27.017,7.95
10.25,24.161,7.95
10.982,22.404,7.95
11.641,23.209,7.95
11.641,26.724,7.95
13.032,18.157,7.95
13.179,26.358,7.95
13.618,20.427,7.95
13.691,24.088,7.95
13.911,13.472,7.95
15.082,25.479,7.95
15.229,18.743,7.95
16.986,17.645,7.95
17.279,24.454,7.95
17.572,18.377,7.95
17.865,21.672,7.95
18.011,20.72,7.95
18.231,20.134,7.95
18.597,24.674,7.95
19.622,22.111,7.95
20.354,20.94,7.95
20.647,12.959,7.95
20.72,21.452,7.95
21.306,16.181,7.95
21.525,18.816,7.95
21.672,17.206,7.95
21.891,18.231,7.95
22.477,10.397,7.95
22.55,15.668,7.95
22.697,20.793,7.95
23.283,14.79,7.95
23.868,16.254,7.95
25.699,12.959,7.95
25.772,13.398,7.95
25.845,14.497,7.95
5.1983,27.09,7.95
5.3447,28.554,7.95
6.8091,27.236,7.95
7.0287,22.917,7.95
7.1751,26.211,7.95
8.6395,23.795,7.95
9.0055,24.967,7.95
9.8841,20.354,7.95
10.836,17.791,7.95
11.422,25.992,7.95
11.934,18.45,7.95
11.934,24.088,7.95
12.3,23.722,7.95
12.74,19.109,7.95
12.74,21.086,7.95
13.106,19.622,7.95
13.179,7.3216,7.95
13.984,7.1019,7.95
14.277,21.672,7.95
14.79,22.111,7.95
15.009,21.599,7.95
15.229,13.179,7.95
16.766,20.574,7.95
17.425,20.793,7.95
17.645,22.477,7.95
17.718,24.234,7.95
18.524,20.866,7.95
18.67,16.034,7.95
19.329,20.647,7.95
20.574,23.356,7.95
20.94,17.059,7.95
20.94,18.524,7.95
21.086,23.063,7.95
21.379,12.52,7.95
21.818,14.643,7.95
21.965,16.034,7.95
22.697,14.863,7.95
22.843,19.329,7.95
23.283,19.549,7.95
23.795,12.52,7.95
23.942,17.938,7.95
24.161,12.081,7.95
24.527,13.765,7.95
25.406,11.568,7.95
25.845,9.6645,7.95
7.3948,24.674,7.95
7.468,24.161,7.95
9.5913,19.768,7.95
9.8841,26.065,7.95
11.056,11.568,7.95
11.641,21.525,7.95
12.3,18.816,7.95
12.3,25.625,7.95
12.959,17.499,7.95
13.545,25.479,7.95
14.057,23.209,7.95
14.131,24.454,7.95
14.204,20.94,7.95
14.497,23.283,7.95
14.643,12.959,7.95
14.79,20.72,7.95
14.936,24.967,7.95
16.766,7.3948,7.95
16.766,18.377,7.95
16.913,15.815,7.95
17.132,22.258,7.95
18.304,19.329,7.95
18.377,17.645,7.95
18.524,24.088,7.95
19.549,17.938,7.95
19.549,19.841,7.95
20.134,20.208,7.95
20.208,15.375,7.95
20.354,18.524,7.95
20.574,19.915,7.95
21.013,19.402,7.95
21.159,20.647,7.95
21.672,14.204,7.95
21.745,13.032,7.95
21.965,15.595,7.95
22.111,12.813,7.95
22.111,19.695,7.95
22.77,12.959,7.95
22.77,17.206,7.95
22.99,16.254,7.95
23.502,13.691,7.95
24.015,11.348,7.95
24.82,10.397,7.95
25.333,9.7377,7.95
25.992,12.227,7.95
26.504,10.616,7.95
7.1751,27.236,7.95
8.7859,26.358,7.95
9.2984,10.177,7.95
9.4448,26.504,7.95
9.9573,18.231,7.95
10.323,20.647,7.95
11.422,18.304,7.95
12.373,17.352,7.95
12.593,12.447,7.95
14.35,22.697,7.95
16.474,24.234,7.95
17.132,16.84,7.95
17.499,23.575,7.95
17.645,17.352,7.95
17.938,8.9323,7.95
18.011,15.375,7.95
18.157,16.474,7.95
18.377,18.743,7.95
18.963,21.379,7.95
19.475,17.132,7.95
19.475,23.429,7.95
19.695,14.936,7.95
21.233,13.765,7.95
21.379,17.425,7.95
21.891,12.227,7.95
22.55,10.982,7.95
22.55,17.645,7.95
22.55,20.061,7.95
23.136,12.666,7.95
23.502,17.206,7.95
23.649,11.056,7.95
23.649,13.325,7.95
23.795,10.031,7.95
24.161,13.765,7.95
24.381,9.6645,7.95
24.6,11.934,7.95
24.82,12.74,7.95
26.138,12.959,7.95
26.724,12.593,7.95
10.982,10.543,7.95
11.202,12.081,7.95
12.52,7.6144,7.95
13.911,10.689,7.95
13.984,11.934,7.95
14.643,24.381,7.95
17.718,18.011,7.95
18.231,23.356,7.95
18.67,16.913,7.95
19.036,18.011,7.95
19.109,18.45,7.95
19.109,22.111,7.95
19.475,18.89,7.95
19.988,19.622,7.95
20.647,17.425,7.95
20.793,13.765,7.95
22.038,10.47,7.95
22.55,14.277,7.95
22.843,11.715,7.95
22.99,13.691,7.95
26.504,11.568,7.95
26.797,12.007,7.95
9.8109,16.327,7.95
10.031,16.766,7.95
10.25,11.641,7.95
10.323,17.279,7.95
10.689,8.7859,7.95
12.666,13.618,7.95
12.813,10.031,7.95
14.277,8.4198,7.95
15.082,9.5913,7.95
17.572,15.741,7.95
18.157,21.965,7.95
18.597,15.009,7.95
19.183,13.911,7.95
19.549,16.254,7.95
19.549,22.55,7.95
20.208,13.252,7.95
20.574,15.449,7.95
20.72,16.107,7.95
20.793,10.031,7.95
20.793,20.793,7.95
20.866,14.936,7.95
21.891,11.275,7.95
23.283,12.007,7.95
23.868,10.616,7.95
25.845,10.836,7.95
10.47,19.988,7.95
10.616,16.327,7.95
10.836,17.132,7.95
11.422,17.499,7.95
11.568,9.7377,7.95
11.568,10.323,7.95
11.641,12.886,7.95
11.788,9.2984,7.95
11.788,12.373,7.95
12.154,11.202,7.95
12.154,12.593,7.95
12.593,8.2734,7.95
12.666,12.007,7.95
14.497,7.1751,7.95
14.643,9.518,7.95
14.936,10.543,7.95
15.302,7.468,7.95
15.302,13.325,7.95
15.522,10.763,7.95
16.034,23.429,7.95
18.597,17.499,7.95
18.67,20.94,7.95
19.841,13.545,7.95
20.354,14.35,7.95
24.674,9.152,7.95
9.9573,9.518,7.95
11.788,8.7127,7.95
11.788,13.765,7.95
12.227,9.5913,7.95
12.227,10.323,7.95
13.106,10.47,7.95
13.179,11.495,7.95
13.398,12.813,7.95
13.545,8.3466,7.95
14.131,10.104,7.95
14.35,11.202,7.95
14.936,12.373,7.95
15.082,11.495,7.95
16.547,13.765,7.95
16.84,14.863,7.95
16.986,13.984,7.95
17.132,21.525,7.95
18.231,12.447,7.95
9.7377,9.9573,7.95
10.543,9.8109,7.95
10.836,13.472,7.95
11.861,11.568,7.95
12.666,8.9323,7.95
13.325,10.031,7.95
13.838,9.7377,7.95
14.204,12.593,7.95
15.156,8.2002,7.95
15.961,13.691,7.95
16.034,6.8823,7.95
16.474,10.397,7.95
19.183,14.863,7.95
21.086,14.423,7.95
23.942,9.9573,7.95
9.0787,13.984,7.95
10.031,15.668,7.95
10.763,11.202,7.95
15.888,9.9573,7.95
15.888,13.032,7.95
16.181,11.422,7.95
17.206,11.934,7.95
9.2984,10.689,7.95
10.177,14.863,7.95
10.689,15.449,7.95
12.74,16.547,7.95
15.595,19.475,7.95
16.181,14.423,7.95
27.09,10.543,7.95
12.081,15.595,7.95
17.718,13.179,7.95
17.865,11.861,7.95
18.45,13.106,7.95
19.622,10.031,7.95
9.152,12.3,9.224
12.3,16.547,9.224
16.107,8.9323,9.224
16.4,7.9805,9.224
16.474,9.0787,9.224
16.84,12.373,9.224
17.059,13.252,9.224
18.377,12.593,9.224
10.909,12.74,9.224
11.641,15.082,9.224
17.279,10.177,9.224
10.909,20.281,9.224
13.618,17.279,9.224
17.572,9.2252,9.224
19.183,9.6645,9.224
9.152,14.057,9.224
9.2984,15.009,9.224
11.495,16.107,9.224
13.179,15.375,9.224
17.572,10.909,9.224
9.3716,12.959,9.224
9.3716,13.472,9.224
11.275,19.549,9.224
11.422,14.277,9.224
12.52,15.302,9.224
14.35,16.62,9.224
14.716,19.256,9.224
17.059,8.5662,9.224
18.377,10.763,9.224
19.841,10.982,9.224
20.354,11.422,9.224
21.233,10.397,9.224
25.552,15.961,9.224
10.397,12.666,9.224
10.397,14.57,9.224
12.373,14.497,9.224
12.813,16.181,9.224
13.325,16.181,9.224
14.643,17.352,9.224
14.79,18.304,9.224
14.863,20.72,9.224
15.156,19.841,9.224
15.302,18.743,9.224
17.865,8.7127,9.224
19.036,10.397,9.224
24.967,17.865,9.224
6.9555,23.502,9.224
9.8109,12.3,9.224
10.031,18.743,9.224
10.25,13.984,9.224
10.689,14.79,9.224
13.984,16.254,9.224
15.449,20.5,9.224
18.011,11.422,9.224
18.084,10.47,9.224
18.597,9.8841,9.224
19.841,10.104,9.224
19.915,12.447,9.224
7.6876,22.404,9.224
10.763,13.545,9.224
10.836,14.35,9.224
11.422,20.208,9.224
18.67,11.568,9.224
26.431,14.204,9.224
7.2484,22.917,9.224
8.7127,22.477,9.224
9.5913,12.959,9.224
9.8109,19.402,9.224
13.618,14.35,9.224
13.765,15.668,9.224
14.57,15.888,9.224
15.082,16.766,9.224
15.156,14.863,9.224
19.109,12.593,9.224
19.183,11.641,9.224
9.3716,21.891,9.224
25.406,16.474,9.224
8.2002,21.965,9.224
11.495,20.866,9.224
13.984,19.988,9.224
19.988,12.154,9.224
21.233,11.348,9.224
23.356,9.4448,9.224
24.234,16.693,9.224
24.747,16.547,9.224
10.031,17.938,9.224
13.911,19.549,9.224
14.423,15.156,9.224
15.009,15.815,9.224
15.595,13.398,9.224
15.741,13.765,9.224
16.62,6.3698,9.224
17.425,7.3216,9.224
20.647,11.861,9.224
20.72,12.74,9.224
21.599,11.861,9.224
9.5913,21.086,9.224
12.227,18.963,9.224
12.52,19.988,9.224
16.181,16.913,9.224
16.986,5.418,9.224
19.036,13.252,9.224
21.233,17.132,9.224
22.624,16.766,9.224
25.113,15.449,9.224
25.772,14.79,9.224
9.7377,19.915,9.224
9.7377,20.72,9.224
12.447,13.911,9.224
13.398,7.1751,9.224
13.838,19.036,9.224
14.79,13.911,9.224
16.327,18.304,9.224
16.547,15.961,9.224
18.816,17.572,9.224
21.452,12.666,9.224
23.283,13.765,9.224
24.161,14.936,9.224
24.161,15.668,9.224
9.8841,19.402,9.224
10.397,20.134,9.224
11.275,13.252,9.224
11.715,18.45,9.224
12.886,19.329,9.224
14.204,14.35,9.224
17.206,18.011,9.224
21.306,16.254,9.224
22.331,13.472,9.224
22.404,15.741,9.224
23.502,15.888,9.224
24.747,14.497,9.224
26.065,13.765,9.224
26.651,13.984,9.224
26.797,10.543,9.224
13.252,18.304,9.224
14.204,7.1019,9.224
15.522,15.229,9.224
16.034,5.8573,9.224
17.279,17.499,9.224
17.572,16.693,9.224
17.718,17.425,9.224
20.354,13.032,9.224
21.159,10.104,9.224
21.379,13.472,9.224
22.111,11.348,9.224
22.111,12.227,9.224
22.184,12.959,9.224
22.404,14.277,9.224
22.624,10.397,9.224
23.575,12.74,9.224
24.088,11.129,9.224
24.161,10.031,9.224
25.259,10.25,9.224
25.333,9.0787,9.224
26.211,12.3,9.224
