x,y,z
3.5144,20.134,1.2605
3.5876,18.011,1.2605
4.1001,18.011,1.2605
4.1733,19.256,1.2605
4.4662,20.281,1.2605
4.8322,20.866,1.2605
5.1251,19.988,1.2605
5.1983,18.231,1.2605
5.1983,19.036,1.2605
5.3447,22.404,1.2605
5.5644,19.549,1.2605
6.1501,20.5,1.2605
6.1501,25.552,1.2605
6.6626,20.866,1.2605
6.6626,23.283,1.2605
7.2484,16.62,1.2605
7.5412,17.352,1.2605
7.6144,23.429,1.2605
8.1269,19.329,1.2605
9.3716,21.599,1.2605
10.031,20.647,1.2605
10.323,14.936,1.2605
10.397,21.599,1.2605
10.543,15.668,1.2605
10.543,19.768,1.2605
11.934,14.936,1.2605
12.154,14.057,1.2605
12.154,21.233,1.2605
12.3,19.475,1.2605
12.447,13.618,1.2605
12.447,18.963,1.2605
12.593,14.863,1.2605
12.886,23.575,1.2605
15.156,17.791,1.2605
17.499,16.034,1.2605
18.377,12.593,1.2605
19.183,15.449,1.2605
20.134,12.373,1.2605
20.647,20.134,1.2605
2.9286,24.015,1.2605
4.3929,16.913,1.2605
4.5394,17.425,1.2605
4.759,19.549,1.2605
5.1251,21.672,1.2605
6.1501,24.015,1.2605
7.468,24.234,1.2605
7.6144,22.404,1.2605
8.7859,14.716,1.2605
10.104,22.404,1.2605
10.836,22.477,1.2605
11.056,18.89,1.2605
11.275,22.697,1.2605
13.032,25.259,1.2605
13.545,23.795,1.2605
13.765,25.186,1.2605
14.057,13.618,1.2605
14.277,15.522,1.2605
14.716,14.277,1.2605
14.863,15.302,1.2605
15.522,15.815,1.2605
15.595,15.229,1.2605
15.741,16.986,1.2605
15.815,16.474,1.2605
16.034,14.79,1.2605
16.4,16.913,1.2605
16.693,13.032,1.2605
17.352,17.279,1.2605
18.231,15.229,1.2605
18.816,11.129,1.2605
3.6608,17.132,1.2605
4.0269,18.597,1.2605
4.3197,21.013,1.2605
4.5394,23.502,1.2605
6.2233,17.572,1.2605
6.2966,14.863,1.2605
6.5894,16.327,1.2605
7.2484,25.406,1.2605
7.3948,15.815,1.2605
8.7859,22.477,1.2605
11.861,24.381,1.2605
12.666,22.77,1.2605
13.325,23.063,1.2605
15.082,13.691,1.2605
15.229,14.716,1.2605
15.668,13.179,1.2605
15.668,14.277,1.2605
15.888,13.984,1.2605
16.327,13.911,1.2605
17.865,14.204,1.2605
17.938,12.154,1.2605
19.549,16.181,1.2605
21.159,20.94,1.2605
3.8804,19.915,1.2605
4.1001,25.699,1.2605
4.2465,16.254,1.2605
4.5394,18.45,1.2605
4.9055,22.55,1.2605
5.2715,16.766,1.2605
5.3447,24.088,1.2605
5.7108,20.72,1.2605
5.7108,24.893,1.2605
5.784,17.499,1.2605
7.8341,25.772,1.2605
8.4198,15.009,1.2605
13.472,13.398,1.2605
17.132,19.988,1.2605
17.425,13.179,1.2605
18.816,11.568,1.2605
19.475,14.204,1.2605
19.622,14.863,1.2605
20.208,14.131,1.2605
20.866,16.766,1.2605
3.8804,20.574,1.2605
4.1733,21.672,1.2605
4.5394,22.917,1.2605
4.6126,15.741,1.2605
5.2715,25.625,1.2605
5.418,16.034,1.2605
10.689,25.259,1.2605
11.495,14.497,1.2605
15.009,12.666,1.2605
15.375,16.327,1.2605
16.107,12.373,1.2605
16.181,16.034,1.2605
17.132,12.007,1.2605
18.157,13.252,1.2605
18.377,14.204,1.2605
18.89,14.936,1.2605
20.208,14.863,1.2605
20.647,22.331,1.2605
3.9536,22.55,1.2605
8.7127,25.772,1.2605
9.3716,22.917,1.2605
9.8109,24.015,1.2605
11.348,24.6,1.2605
12.447,24.234,1.2605
12.886,25.552,1.2605
13.984,12.74,1.2605
14.497,13.252,1.2605
17.279,12.813,1.2605
18.084,16.034,1.2605
18.377,12.081,1.2605
5.8573,13.984,1.2605
8.493,22.917,1.2605
8.8591,23.722,1.2605
8.8591,24.527,1.2605
9.8109,25.772,1.2605
9.8841,23.283,1.2605
15.302,12.373,1.2605
17.718,11.715,1.2605
19.183,13.691,1.2605
20.134,12.52,1.2605
20.208,13.179,1.2605
3.5144,16.62,1.2605
3.8804,21.306,1.2605
3.8804,23.502,1.2605
4.4662,25.186,1.2605
4.8322,24.088,1.2605
5.0519,24.967,1.2605
9.9573,25.259,1.2605
12.007,25.406,1.2605
17.718,11.056,1.2605
18.157,22.917,1.2605
18.597,13.472,1.2605
18.816,14.423,1.2605
18.89,12.959,1.2605
20.427,15.595,1.2605
3.3679,17.865,1.2605
15.815,11.275,1.2605
16.474,11.641,1.2605
16.547,10.836,1.2605
16.547,12.74,1.2605
16.986,11.495,1.2605
18.743,10.836,1.2605
19.109,12.3,1.2605
19.622,13.398,1.2605
19.695,20.574,1.2605
19.841,21.159,1.2605
21.672,20.574,1.2605
3.1483,24.015,1.2605
3.2215,22.624,1.2605
3.4411,22.111,1.2605
3.5144,19.109,1.2605
4.3197,18.084,1.2605
4.3197,24.161,1.2605
9.8841,24.674,1.2605
11.348,25.406,1.2605
15.375,11.934,1.2605
16.034,25.479,1.2605
17.352,23.502,1.2605
19.622,12.593,1.2605
20.354,20.647,1.2605
20.427,18.743,1.2605
20.793,16.766,1.2605
21.159,20.208,1.2605
18.377,14.936,1.2605
19.183,23.063,1.2605
20.208,19.915,1.2605
3.9536,25.113,1.2605
17.059,24.161,1.2605
17.425,9.9573,1.2605
18.157,10.031,1.2605
18.816,22.184,1.2605
19.256,21.086,1.2605
19.402,19.329,1.2605
19.475,20.061,1.2605
21.013,19.549,1.2605
18.231,23.868,2.4638
19.915,19.036,2.4638
20.354,19.402,2.4638
3.1483,21.599,2.4638
3.734,24.381,2.4638
17.938,17.206,2.4638
18.304,22.99,2.4638
19.036,9.2252,2.4638
19.475,12.154,2.4638
20.208,9.8109,2.4638
20.281,17.572,2.4638
20.793,17.791,2.4638
21.013,18.67,2.4638
3.0018,23.356,2.4638
3.734,15.741,2.4638
3.8072,14.863,2.4638
15.961,24.967,2.4638
17.572,22.331,2.4638
17.865,9.0055,2.4638
18.377,20.94,2.4638
9.518,25.625,2.4638
15.229,25.333,2.4638
16.034,22.184,2.4638
19.475,21.452,2.4638
19.841,8.7127,2.4638
20.427,18.377,2.4638
20.5,14.35,2.4638
20.866,16.693,2.4638
21.013,20.647,2.4638
17.572,21.379,2.4638
17.572,23.136,2.4638
18.67,8.2002,2.4638
18.67,19.549,2.4638
18.89,20.281,2.4638
19.183,23.356,2.4638
19.256,22.843,2.4638
19.622,22.331,2.4638
19.768,18.377,2.4638
19.841,23.356,2.4638
20.574,18.89,2.4638
14.277,25.992,2.4638
16.181,24.161,2.4638
19.988,12.373,2.4638
20.354,22.99,2.4638
21.452,17.938,2.4638
14.057,16.327,2.4638
14.57,25.333,2.4638
15.302,24.234,2.4638
15.888,23.942,2.4638
16.107,21.379,2.4638
16.474,19.329,2.4638
16.766,22.917,2.4638
17.425,19.549,2.4638
3.9536,13.618,2.4638
9.6645,18.231,2.4638
11.568,16.986,2.4638
12.52,17.718,2.4638
14.35,16.84,2.4638
14.79,20.061,2.4638
14.863,20.94,2.4638
16.4,23.136,2.4638
16.84,21.525,2.4638
18.011,19.695,2.4638
18.157,20.208,2.4638
6.5162,22.404,2.4638
6.6626,22.038,2.4638
8.9323,18.157,2.4638
10.543,19.036,2.4638
13.032,20.281,2.4638
14.863,24.381,2.4638
15.009,19.549,2.4638
15.375,23.502,2.4638
15.449,21.379,2.4638
15.741,22.697,2.4638
15.815,19.402,2.4638
15.815,20.061,2.4638
16.254,18.597,2.4638
16.913,20.647,2.4638
16.986,22.258,2.4638
19.109,18.89,2.4638
19.475,24.088,2.4638
20.72,15.302,2.4638
21.159,20.793,2.4638
3.8072,24.454,2.4638
5.5644,21.452,2.4638
7.3216,12.227,2.4638
7.468,22.184,2.4638
7.6144,13.179,2.4638
8.7859,17.206,2.4638
9.2252,21.599,2.4638
9.7377,15.741,2.4638
10.323,18.377,2.4638
10.616,15.888,2.4638
11.568,18.597,2.4638
12.081,22.697,2.4638
12.154,15.668,2.4638
12.3,15.156,2.4638
12.373,16.766,2.4638
13.691,17.206,2.4638
14.35,24.6,2.4638
16.181,20.72,2.4638
16.62,20.061,2.4638
17.352,18.89,2.4638
17.572,18.231,2.4638
17.645,17.572,2.4638
17.645,21.891,2.4638
18.45,13.545,2.4638
18.45,18.963,2.4638
18.89,18.157,2.4638
21.818,22.624,2.4638
4.2465,12.886,2.4638
5.418,12.666,2.4638
5.8573,22.477,2.4638
6.5894,19.402,2.4638
6.7358,13.911,2.4638
6.7358,14.423,2.4638
6.8823,13.106,2.4638
7.9073,19.768,2.4638
8.6395,16.62,2.4638
9.152,15.741,2.4638
9.2252,12.52,2.4638
9.4448,17.791,2.4638
9.8109,19.036,2.4638
9.8109,22.697,2.4638
9.8841,17.059,2.4638
10.104,15.229,2.4638
10.177,16.766,2.4638
10.909,19.402,2.4638
10.982,17.059,2.4638
11.275,8.1269,2.4638
11.275,12.081,2.4638
11.568,13.179,2.4638
11.568,16.254,2.4638
11.788,23.356,2.4638
12.007,17.425,2.4638
12.593,11.422,2.4638
13.252,16.4,2.4638
13.472,15.668,2.4638
13.911,15.522,2.4638
14.716,23.649,2.4638
14.936,18.157,2.4638
15.009,22.258,2.4638
15.156,20.574,2.4638
15.375,19.036,2.4638
15.815,16.107,2.4638
16.766,18.524,2.4638
17.645,20.72,2.4638
17.791,16.693,2.4638
18.011,15.009,2.4638
18.89,17.059,2.4638
19.695,22.917,2.4638
5.2715,12.081,2.4638
5.4912,11.348,2.4638
5.4912,20.427,2.4638
6.0769,13.252,2.4638
6.2966,12.227,2.4638
6.5894,23.063,2.4638
6.8091,12.3,2.4638
7.1019,23.136,2.4638
7.1019,24.527,2.4638
7.3216,21.379,2.4638
7.3948,14.936,2.4638
7.468,11.788,2.4638
7.468,18.89,2.4638
8.2002,13.691,2.4638
8.4198,11.861,2.4638
8.4198,18.304,2.4638
8.493,12.813,2.4638
8.7859,14.057,2.4638
8.7859,16.181,2.4638
9.0055,18.743,2.4638
9.0787,11.641,2.4638
9.152,19.695,2.4638
9.3716,11.348,2.4638
9.8109,12.3,2.4638
9.8841,19.988,2.4638
10.031,13.252,2.4638
10.104,23.429,2.4638
10.323,8.6395,2.4638
10.47,19.988,2.4638
10.543,17.865,2.4638
10.763,11.348,2.4638
10.836,12.3,2.4638
10.836,18.597,2.4638
10.909,14.936,2.4638
11.202,22.843,2.4638
11.495,20.647,2.4638
11.715,18.084,2.4638
12.373,18.084,2.4638
12.593,20.574,2.4638
12.886,19.695,2.4638
13.179,18.963,2.4638
13.618,18.084,2.4638
13.984,24.967,2.4638
14.204,21.233,2.4638
14.277,22.038,2.4638
14.35,18.45,2.4638
14.643,9.0055,2.4638
14.716,17.791,2.4638
14.863,18.67,2.4638
15.156,17.645,2.4638
16.693,15.888,2.4638
17.645,6.8091,2.4638
17.938,18.816,2.4638
18.524,13.179,2.4638
4.6858,12.373,2.4638
5.1983,21.745,2.4638
5.784,13.691,2.4638
6.2966,20.354,2.4638
6.2966,23.649,2.4638
6.3698,21.672,2.4638
6.5894,17.645,2.4638
6.6626,15.815,2.4638
7.0287,23.942,2.4638
7.468,11.056,2.4638
7.5412,19.915,2.4638
7.6144,14.497,2.4638
7.7609,15.156,2.4638
7.9073,21.233,2.4638
7.9073,21.891,2.4638
8.2002,20.72,2.4638
8.2734,10.616,2.4638
8.3466,19.841,2.4638
8.493,13.398,2.4638
9.0055,14.863,2.4638
9.3716,13.325,2.4638
9.4448,14.497,2.4638
9.518,21.452,2.4638
9.5913,10.689,2.4638
10.47,10.689,2.4638
10.543,9.5913,2.4638
10.763,14.057,2.4638
10.909,15.815,2.4638
11.056,18.011,2.4638
11.348,10.836,2.4638
11.641,22.624,2.4638
11.788,19.988,2.4638
11.861,9.8109,2.4638
12.227,21.233,2.4638
12.373,10.104,2.4638
12.886,17.279,2.4638
12.886,22.258,2.4638
13.398,18.45,2.4638
13.911,19.183,2.4638
13.911,20.281,2.4638
14.277,10.763,2.4638
14.423,19.402,2.4638
14.497,13.545,2.4638
14.497,14.423,2.4638
14.863,11.202,2.4638
14.936,9.8841,2.4638
15.522,18.45,2.4638
15.961,17.279,2.4638
16.766,17.865,2.4638
16.986,17.206,2.4638
17.206,16.107,2.4638
20.354,16.766,2.4638
4.6858,25.699,2.4638
5.0519,19.988,2.4638
5.1983,19.475,2.4638
5.1983,21.086,2.4638
5.2715,22.843,2.4638
5.418,14.57,2.4638
5.7108,18.963,2.4638
5.7108,23.429,2.4638
6.1501,11.715,2.4638
6.1501,17.425,2.4638
6.3698,18.084,2.4638
6.443,18.816,2.4638
6.8823,21.159,2.4638
7.1751,25.04,2.4638
7.3216,18.377,2.4638
7.6144,14.057,2.4638
7.8341,16.034,2.4638
7.9073,16.693,2.4638
8.1269,19.329,2.4638
8.8591,22.111,2.4638
9.9573,13.911,2.4638
10.397,12.007,2.4638
10.616,14.57,2.4638
10.689,22.038,2.4638
10.836,21.233,2.4638
10.982,10.104,2.4638
11.641,15.156,2.4638
11.715,14.497,2.4638
11.715,19.036,2.4638
11.861,9.0055,2.4638
11.934,21.965,2.4638
12.007,19.549,2.4638
12.081,11.495,2.4638
12.373,18.816,2.4638
12.52,13.984,2.4638
12.886,15.229,2.4638
13.325,21.159,2.4638
13.545,22.111,2.4638
13.545,23.209,2.4638
13.618,11.495,2.4638
13.691,10.689,2.4638
13.765,13.398,2.4638
13.765,14.863,2.4638
14.204,23.283,2.4638
14.35,9.8841,2.4638
14.936,10.397,2.4638
15.082,14.57,2.4638
15.156,8.0537,2.4638
15.156,17.279,2.4638
15.449,8.8591,2.4638
15.595,17.865,2.4638
21.452,17.425,2.4638
4.0269,14.716,2.4638
4.4662,16.107,2.4638
4.6858,17.132,2.4638
4.6858,19.183,2.4638
4.8322,22.55,2.4638
5.1983,18.304,2.4638
5.2715,13.325,2.4638
6.2233,14.423,2.4638
6.2233,20.72,2.4638
6.5162,11.056,2.4638
6.5162,15.082,2.4638
6.5162,25.186,2.4638
6.8823,16.547,2.4638
7.1751,15.741,2.4638
7.468,16.986,2.4638
7.6876,17.572,2.4638
8.5662,15.009,2.4638
9.7377,9.5913,2.4638
9.9573,22.111,2.4638
10.25,11.568,2.4638
11.056,8.6395,2.4638
11.056,12.813,2.4638
11.129,9.152,2.4638
12.081,10.543,2.4638
12.154,8.1269,2.4638
12.227,12.373,2.4638
12.52,9.7377,2.4638
12.813,13.472,2.4638
12.959,8.0537,2.4638
13.032,12.154,2.4638
13.106,21.672,2.4638
13.472,9.6645,2.4638
13.838,24.161,2.4638
13.911,22.624,2.4638
14.057,11.788,2.4638
14.131,6.8091,2.4638
15.009,12.593,2.4638
15.302,11.275,2.4638
15.375,9.8841,2.4638
15.741,14.716,2.4638
16.107,15.522,2.4638
16.181,14.277,2.4638
16.766,12.74,2.4638
17.352,14.716,2.4638
18.084,15.888,2.4638
18.231,17.132,2.4638
19.109,12.007,2.4638
19.402,16.766,2.4638
20.208,16.034,2.4638
20.94,16.034,2.4638
3.734,16.913,2.4638
4.5394,20.793,2.4638
4.8322,15.082,2.4638
5.784,16.181,2.4638
6.2233,24.234,2.4638
6.8091,20.208,2.4638
7.468,20.72,2.4638
8.1269,23.575,2.4638
10.104,11.202,2.4638
10.323,10.031,2.4638
12.813,8.7859,2.4638
12.813,15.668,2.4638
12.959,21.159,2.4638
13.106,10.909,2.4638
13.252,12.74,2.4638
13.472,25.772,2.4638
13.765,7.7609,2.4638
13.911,8.8591,2.4638
14.57,13.984,2.4638
14.716,6.5894,2.4638
14.79,15.302,2.4638
14.936,7.3216,2.4638
15.009,16.254,2.4638
15.668,13.618,2.4638
15.741,9.4448,2.4638
16.547,14.936,2.4638
16.84,6.3698,2.4638
16.913,16.62,2.4638
17.059,15.302,2.4638
18.743,15.741,2.4638
19.109,8.2002,2.4638
19.475,15.815,2.4638
19.915,16.254,2.4638
20.647,13.398,2.4638
4.2465,18.084,2.4638
4.4662,22.77,2.4638
4.6126,14.131,2.4638
4.759,15.668,2.4638
4.9055,16.474,2.4638
4.9055,21.306,2.4638
5.6376,16.84,2.4638
5.784,18.304,2.4638
6.2233,15.449,2.4638
7.0287,17.791,2.4638
7.9805,17.206,2.4638
8.493,26.211,2.4638
9.9573,24.82,2.4638
12.373,9.0055,2.4638
13.398,7.1019,2.4638
15.009,13.179,2.4638
15.375,12.74,2.4638
15.595,6.5162,2.4638
15.961,11.641,2.4638
16.913,13.838,2.4638
17.352,14.204,2.4638
17.425,13.325,2.4638
18.304,14.131,2.4638
19.256,11.056,2.4638
19.329,11.641,2.4638
20.134,22.038,2.4638
21.306,16.84,2.4638
3.734,22.258,2.4638
4.6126,23.575,2.4638
5.9305,24.747,2.4638
6.0769,25.479,2.4638
6.7358,17.132,2.4638
7.1019,26.284,2.4638
7.9073,25.406,2.4638
8.5662,22.184,2.4638
8.7127,25.845,2.4638
11.202,23.795,2.4638
14.643,8.2734,2.4638
15.009,6.0037,2.4638
15.229,6.7358,2.4638
15.375,13.911,2.4638
15.449,15.229,2.4638
15.668,5.4912,2.4638
15.741,12.081,2.4638
16.034,13.325,2.4638
16.107,10.47,2.4638
16.181,9.9573,2.4638
16.254,9.152,2.4638
16.693,12.154,2.4638
17.425,12.154,2.4638
18.011,11.715,2.4638
18.304,12.227,2.4638
18.67,6.2233,2.4638
18.816,10.616,2.4638
20.281,15.522,2.4638
22.111,21.599,2.4638
4.1733,13.398,2.4638
4.2465,21.965,2.4638
4.4662,19.988,2.4638
4.5394,18.963,2.4638
5.4912,26.065,2.4638
6.1501,26.284,2.4638
11.422,24.967,2.4638
12.373,23.649,2.4638
12.52,7.9073,2.4638
12.666,24.161,2.4638
12.813,25.04,2.4638
13.398,8.2002,2.4638
15.595,8.2734,2.4638
15.741,7.7609,2.4638
16.254,13.911,2.4638
16.547,8.4198,2.4638
18.743,12.886,2.4638
19.475,9.5913,2.4638
19.841,15.156,2.4638
20.134,14.277,2.4638
20.72,22.843,2.4638
21.379,22.404,2.4638
22.111,20.793,2.4638
4.0269,15.741,2.4638
4.3929,14.57,2.4638
8.4198,19.256,2.4638
9.2984,24.967,2.4638
16.327,11.275,2.4638
16.913,11.056,2.4638
17.059,8.7859,2.4638
18.084,10.763,2.4638
18.377,3.5144,2.4638
18.67,7.7609,2.4638
19.841,19.768,2.4638
21.013,15.668,2.4638
3.8804,16.474,2.4638
4.0269,19.402,2.4638
5.1983,25.186,2.4638
5.2715,24.234,2.4638
9.4448,26.138,2.4638
10.543,8.1269,2.4638
12.593,9.7377,2.4638
16.327,6.5162,2.4638
16.62,7.6876,2.4638
17.572,11.422,2.4638
17.645,9.5913,2.4638
17.938,10.25,2.4638
18.084,4.3197,2.4638
19.622,5.4912,2.4638
20.793,21.891,2.4638
20.94,14.936,2.4638
21.525,20.647,2.4638
4.759,24.967,2.4638
16.181,5.1251,2.4638
16.986,5.5644,2.4638
16.986,9.7377,2.4638
16.986,10.47,2.4638
16.986,11.715,2.4638
18.743,5.2715,2.4638
20.72,20.5,2.4638
20.866,20.061,2.4638
20.866,21.159,2.4638
21.379,21.599,2.4638
22.038,19.988,2.4638
10.543,26.284,2.4638
12.081,25.186,2.4638
17.132,4.6126,2.4638
17.572,6.9555,2.4638
17.718,5.0519,2.4638
17.938,22.77,2.4638
18.597,9.3716,2.4638
19.329,13.691,2.4638
19.768,14.423,2.4638
19.988,8.4198,2.4638
20.281,21.379,2.4638
5.5644,26.431,3.8389
10.909,7.2484,3.8389
12.813,25.699,3.8389
17.499,7.8341,3.8389
18.011,8.7127,3.8389
19.036,7.7609,3.8389
19.036,14.936,3.8389
19.622,10.25,3.8389
19.768,12.813,3.8389
20.208,13.472,3.8389
3.9536,14.423,3.8389
4.1001,23.722,3.8389
12.74,26.284,3.8389
17.791,23.795,3.8389
17.865,6.443,3.8389
18.011,5.9305,3.8389
18.816,22.477,3.8389
19.402,8.7859,3.8389
19.475,16.986,3.8389
20.208,20.647,3.8389
20.574,19.622,3.8389
20.94,14.35,3.8389
21.013,19.475,3.8389
21.599,18.597,3.8389
3.9536,18.89,3.8389
4.3929,24.454,3.8389
4.8322,25.406,3.8389
10.25,8.8591,3.8389
12.007,25.699,3.8389
16.181,4.1733,3.8389
16.181,25.699,3.8389
16.547,26.211,3.8389
16.986,3.9536,3.8389
17.206,3.3679,3.8389
17.572,5.8573,3.8389
17.938,7.468,3.8389
18.89,7.0287,3.8389
21.525,19.622,3.8389
4.1001,22.697,3.8389
18.524,20.94,3.8389
18.743,23.209,3.8389
20.94,19.036,3.8389
13.472,4.6126,3.8389
14.936,26.358,3.8389
15.595,25.992,3.8389
17.938,18.524,3.8389
18.816,21.525,3.8389
19.549,13.691,3.8389
20.5,19.036,3.8389
22.038,19.329,3.8389
16.107,3.5144,3.8389
17.645,24.234,3.8389
17.938,21.233,3.8389
18.524,4.6126,3.8389
18.816,23.868,3.8389
19.841,6.9555,3.8389
4.1733,23.942,3.8389
14.79,4.4662,3.8389
14.936,25.918,3.8389
15.888,22.99,3.8389
15.888,23.649,3.8389
17.132,22.99,3.8389
17.572,21.891,3.8389
19.402,22.77,3.8389
20.427,18.231,3.8389
20.793,17.938,3.8389
21.159,18.377,3.8389
14.716,25.113,3.8389
16.107,24.527,3.8389
18.816,13.911,3.8389
18.963,6.1501,3.8389
19.109,21.086,3.8389
19.622,23.429,3.8389
19.695,20.354,3.8389
19.768,24.234,3.8389
19.915,21.306,3.8389
19.988,22.111,3.8389
21.013,23.136,3.8389
7.1019,11.861,3.8389
7.2484,21.965,3.8389
15.375,24.381,3.8389
15.522,25.259,3.8389
16.474,22.477,3.8389
18.231,16.766,3.8389
20.5,23.575,3.8389
8.6395,19.183,3.8389
10.543,21.159,3.8389
14.79,4.9787,3.8389
16.986,22.038,3.8389
18.45,15.961,3.8389
18.67,20.793,3.8389
19.329,21.965,3.8389
21.013,13.984,3.8389
21.233,20.208,3.8389
21.306,15.668,3.8389
21.965,22.477,3.8389
15.961,21.525,3.8389
16.84,21.525,3.8389
16.913,18.743,3.8389
16.913,19.475,3.8389
17.206,20.72,3.8389
17.938,19.036,3.8389
17.938,19.622,3.8389
18.011,20.281,3.8389
18.524,19.768,3.8389
18.743,14.643,3.8389
19.256,19.475,3.8389
19.256,19.915,3.8389
19.329,13.032,3.8389
20.061,22.917,3.8389
4.5394,13.106,3.8389
7.6144,12.3,3.8389
8.2002,13.472,3.8389
10.323,19.841,3.8389
12.081,5.4912,3.8389
16.62,20.94,3.8389
17.059,18.231,3.8389
18.963,24.015,3.8389
19.841,11.715,3.8389
19.841,18.011,3.8389
4.759,22.477,3.8389
5.1251,22.331,3.8389
6.6626,12.007,3.8389
8.493,24.015,3.8389
8.8591,23.649,3.8389
8.9323,24.674,3.8389
9.3716,19.329,3.8389
9.518,18.597,3.8389
10.47,13.618,3.8389
10.47,16.181,3.8389
10.836,15.375,3.8389
10.982,10.909,3.8389
10.982,14.57,3.8389
11.202,20.647,3.8389
11.348,15.815,3.8389
11.348,19.329,3.8389
15.815,4.6858,3.8389
16.034,19.036,3.8389
16.181,20.208,3.8389
17.499,17.352,3.8389
18.231,17.499,3.8389
19.768,17.206,3.8389
19.841,19.622,3.8389
20.793,17.279,3.8389
5.0519,12.007,3.8389
5.4912,20.5,3.8389
7.1751,13.984,3.8389
7.3948,13.398,3.8389
8.0537,18.89,3.8389
8.1269,20.281,3.8389
8.7859,11.861,3.8389
8.7859,22.697,3.8389
9.2984,11.495,3.8389
9.2984,17.059,3.8389
9.8841,20.94,3.8389
9.9573,22.111,3.8389
10.47,19.109,3.8389
10.616,13.179,3.8389
10.689,11.788,3.8389
11.056,12.373,3.8389
11.422,17.059,3.8389
11.568,23.063,3.8389
11.715,9.6645,3.8389
11.788,19.695,3.8389
12.081,16.181,3.8389
12.227,14.204,3.8389
12.959,9.5913,3.8389
12.959,11.495,3.8389
14.057,4.8322,3.8389
16.62,18.377,3.8389
17.645,17.865,3.8389
18.084,18.157,3.8389
19.475,18.89,3.8389
20.793,16.693,3.8389
4.1001,17.499,3.8389
5.7108,12.666,3.8389
6.2233,21.452,3.8389
6.5162,22.55,3.8389
6.5894,14.423,3.8389
6.6626,13.765,3.8389
6.8823,18.084,3.8389
7.1019,14.643,3.8389
7.9073,11.129,3.8389
7.9073,11.788,3.8389
7.9805,14.131,3.8389
8.493,21.306,3.8389
9.0787,14.131,3.8389
9.4448,16.107,3.8389
9.6645,14.643,3.8389
9.7377,15.668,3.8389
9.8109,12.813,3.8389
9.8841,13.472,3.8389
9.9573,11.788,3.8389
9.9573,13.911,3.8389
10.104,23.356,3.8389
10.397,11.275,3.8389
10.47,16.913,3.8389
11.422,21.672,3.8389
11.495,18.231,3.8389
12.007,15.302,3.8389
12.447,8.2734,3.8389
12.593,23.283,3.8389
12.886,11.056,3.8389
12.959,12.813,3.8389
14.423,5.4912,3.8389
14.423,24.234,3.8389
16.547,5.1251,3.8389
17.425,20.061,3.8389
18.377,13.325,3.8389
18.45,16.62,3.8389
18.597,15.888,3.8389
19.036,16.62,3.8389
20.281,17.572,3.8389
21.599,17.206,3.8389
4.8322,18.67,3.8389
5.1251,12.813,3.8389
5.3447,19.183,3.8389
5.418,25.479,3.8389
5.6376,14.497,3.8389
6.2966,13.545,3.8389
7.468,15.815,3.8389
7.6876,23.942,3.8389
7.9805,16.986,3.8389
7.9805,23.209,3.8389
8.3466,15.961,3.8389
8.5662,25.552,3.8389
8.8591,10.616,3.8389
8.9323,14.79,3.8389
8.9323,19.841,3.8389
9.0787,12.74,3.8389
9.2252,20.647,3.8389
9.3716,22.477,3.8389
9.8109,19.841,3.8389
10.543,12.813,3.8389
10.836,22.258,3.8389
10.909,21.159,3.8389
11.422,11.788,3.8389
11.422,22.331,3.8389
12.227,13.545,3.8389
12.3,7.2484,3.8389
12.3,9.3716,3.8389
12.447,10.177,3.8389
12.74,22.624,3.8389
13.398,11.056,3.8389
13.765,8.3466,3.8389
14.57,7.1019,3.8389
14.716,23.575,3.8389
16.4,17.499,3.8389
16.986,15.229,3.8389
17.279,15.815,3.8389
17.572,16.4,3.8389
17.791,15.229,3.8389
18.011,14.643,3.8389
18.597,15.229,3.8389
18.597,19.622,3.8389
18.89,14.497,3.8389
19.256,18.304,3.8389
19.695,10.909,3.8389
20.134,22.258,3.8389
20.281,16.913,3.8389
5.4912,16.62,3.8389
5.7108,22.184,3.8389
5.784,18.304,3.8389
6.0037,20.94,3.8389
6.2966,13.106,3.8389
6.443,19.036,3.8389
6.5162,11.202,3.8389
7.0287,20.647,3.8389
7.1019,22.258,3.8389
7.1751,12.081,3.8389
7.2484,16.547,3.8389
7.3948,23.136,3.8389
7.3948,24.893,3.8389
7.3948,26.724,3.8389
7.6876,19.841,3.8389
8.0537,14.716,3.8389
8.1269,22.55,3.8389
8.2734,17.791,3.8389
8.2734,24.82,3.8389
8.493,17.132,3.8389
10.104,10.25,3.8389
11.348,14.131,3.8389
11.568,9.0787,3.8389
11.788,22.697,3.8389
11.861,11.934,3.8389
13.032,5.4912,3.8389
13.252,8.9323,3.8389
13.545,5.5644,3.8389
13.838,7.3948,3.8389
14.277,6.7358,3.8389
15.449,7.5412,3.8389
16.986,16.84,3.8389
18.084,13.545,3.8389
18.157,20.574,3.8389
18.597,12.373,3.8389
19.256,13.765,3.8389
20.647,16.107,3.8389
21.525,16.254,3.8389
5.0519,14.131,3.8389
5.418,22.843,3.8389
6.2966,23.429,3.8389
6.5162,19.988,3.8389
6.5894,21.013,3.8389
6.6626,13.325,3.8389
7.1019,18.89,3.8389
7.6144,22.697,3.8389
7.8341,21.818,3.8389
7.9073,18.524,3.8389
9.0787,13.545,3.8389
9.9573,9.7377,3.8389
10.543,17.865,3.8389
10.763,25.333,3.8389
10.909,9.3716,3.8389
11.275,10.031,3.8389
11.422,8.7127,3.8389
11.568,7.0287,3.8389
11.641,7.9805,3.8389
11.641,10.543,3.8389
11.934,8.8591,3.8389
12.081,5.6376,3.8389
12.154,22.111,3.8389
12.3,12.959,3.8389
12.373,10.982,3.8389
12.593,6.3698,3.8389
12.886,9.9573,3.8389
13.398,6.443,3.8389
13.472,7.0287,3.8389
14.057,23.356,3.8389
14.497,6.2233,3.8389
15.375,6.8823,3.8389
15.741,6.0769,3.8389
16.107,7.5412,3.8389
16.693,6.5162,3.8389
17.352,14.057,3.8389
18.597,18.157,3.8389
18.963,10.689,3.8389
19.475,7.468,3.8389
19.475,13.179,3.8389
19.768,12.154,3.8389
22.624,22.99,3.8389
4.6126,14.497,3.8389
5.1983,15.156,3.8389
5.1983,18.084,3.8389
5.784,15.229,3.8389
5.8573,20.354,3.8389
6.2233,16.986,3.8389
6.2233,18.157,3.8389
6.2966,16.254,3.8389
6.7358,15.229,3.8389
6.8823,23.502,3.8389
6.9555,22.843,3.8389
7.3216,17.352,3.8389
7.6144,21.159,3.8389
9.8841,23.942,3.8389
10.836,8.6395,3.8389
10.836,9.8109,3.8389
12.593,12.373,3.8389
12.74,9.0787,3.8389
16.034,5.8573,3.8389
16.693,15.888,3.8389
16.84,7.0287,3.8389
17.352,12.886,3.8389
17.499,6.5894,3.8389
17.718,13.545,3.8389
18.011,8.0537,3.8389
19.109,6.0037,3.8389
4.9787,19.988,3.8389
5.1251,16.84,3.8389
5.2715,15.741,3.8389
5.5644,23.722,3.8389
5.8573,23.136,3.8389
6.8823,25.625,3.8389
7.1019,18.157,3.8389
7.1019,24.161,3.8389
7.468,10.982,3.8389
8.1269,26.211,3.8389
8.2734,26.797,3.8389
9.2252,26.284,3.8389
9.9573,25.479,3.8389
10.47,26.797,3.8389
12.666,24.674,3.8389
12.886,23.283,3.8389
13.398,8.0537,3.8389
14.204,25.186,3.8389
16.4,7.2484,3.8389
16.547,5.9305,3.8389
16.913,5.2715,3.8389
17.865,12.52,3.8389
18.084,11.641,3.8389
18.231,10.397,3.8389
18.597,7.3948,3.8389
18.597,11.861,3.8389
18.816,4.9787,3.8389
19.183,7.0287,3.8389
19.841,16.62,3.8389
20.647,15.229,3.8389
5.7108,11.715,3.8389
6.7358,24.82,3.8389
10.763,26.504,3.8389
10.909,7.9805,3.8389
12.447,23.942,3.8389
13.618,22.55,3.8389
17.499,3.8072,3.8389
17.718,14.204,3.8389
18.011,7.1019,3.8389
18.084,8.7859,3.8389
18.231,9.5913,3.8389
21.599,23.209,3.8389
7.468,25.479,3.8389
9.9573,26.358,3.8389
10.397,9.2984,3.8389
13.838,26.065,3.8389
17.572,7.2484,3.8389
17.865,6.5162,3.8389
18.377,6.5894,3.8389
18.524,10.982,3.8389
19.109,9.5913,3.8389
19.256,15.961,3.8389
19.988,9.9573,3.8389
20.061,11.348,3.8389
20.061,13.838,3.8389
20.72,14.131,3.8389
4.3929,15.375,3.8389
4.4662,16.327,3.8389
4.9055,23.942,3.8389
6.2233,24.308,3.8389
6.2233,25.259,3.8389
6.8823,26.358,3.8389
11.715,24.747,3.8389
13.032,24.015,3.8389
13.618,23.649,3.8389
13.691,24.234,3.8389
17.352,5.9305,3.8389
18.231,4.6126,3.8389
18.963,10.031,3.8389
19.475,9.9573,3.8389
19.915,15.888,3.8389
20.354,15.741,3.8389
21.672,22.258,3.8389
4.8322,13.252,3.8389
5.784,25.259,3.8389
12.154,24.674,3.8389
14.423,25.186,3.8389
17.645,5.3447,3.8389
18.67,9.0055,3.8389
20.208,22.331,3.8389
21.599,20.647,3.8389
4.4662,19.402,3.8389
11.934,26.504,3.8389
13.472,24.967,3.8389
17.499,4.9055,3.8389
18.084,5.7108,3.8389
19.475,15.375,3.8389
20.647,15.522,3.8389
20.793,22.038,3.8389
20.866,21.086,3.8389
21.379,15.082,3.8389
12.227,18.157,3.8389
12.227,20.5,3.8389
12.3,21.379,3.8389
12.666,20.208,3.8389
12.74,19.622,3.8389
12.813,18.816,3.8389
12.813,21.745,3.8389
12.886,16.107,3.8389
12.959,14.204,3.8389
13.032,15.449,3.8389
13.106,20.5,3.8389
13.179,13.545,3.8389
13.325,17.645,3.8389
13.472,15.375,3.8389
13.545,12.227,3.8389
13.618,12.74,3.8389
13.618,19.549,3.8389
13.765,14.497,3.8389
13.838,18.816,3.8389
13.911,16.107,3.8389
13.984,9.9573,3.8389
14.057,18.157,3.8389
14.131,15.595,3.8389
14.204,8.9323,3.8389
14.204,11.275,3.8389
14.277,10.689,3.8389
14.277,12.959,3.8389
14.277,14.643,3.8389
14.277,22.258,3.8389
14.35,9.9573,3.8389
14.423,9.3716,3.8389
14.423,12.154,3.8389
14.423,17.279,3.8389
14.497,7.7609,3.8389
14.497,8.5662,3.8389
14.497,17.645,3.8389
14.497,19.549,3.8389
14.57,20.281,3.8389
14.643,19.109,3.8389
14.716,16.034,3.8389
14.79,12.52,3.8389
14.79,13.252,3.8389
14.79,13.691,3.8389
14.79,18.45,3.8389
14.863,16.766,3.8389
14.936,19.841,3.8389
15.009,10.104,3.8389
15.009,14.204,3.8389
15.009,15.082,3.8389
15.082,8.493,3.8389
15.156,9.0787,3.8389
15.302,10.909,3.8389
15.302,18.89,3.8389
15.375,11.422,3.8389
15.375,17.572,3.8389
15.375,18.231,3.8389
15.449,20.281,3.8389
15.668,14.643,3.8389
15.668,15.668,3.8389
15.741,13.032,3.8389
15.741,16.84,3.8389
15.741,18.084,3.8389
16.034,9.7377,3.8389
16.107,8.493,3.8389
16.181,9.2984,3.8389
16.181,10.909,3.8389
16.181,14.057,3.8389
16.327,7.9805,3.8389
16.327,12.447,3.8389
16.547,13.691,3.8389
16.62,9.3716,3.8389
16.62,10.177,3.8389
16.62,11.641,3.8389
16.693,10.836,3.8389
16.84,8.7859,3.8389
17.352,11.275,3.8389
17.425,10.397,3.8389
17.499,9.9573,3.8389
12.886,21.086,5.3286
14.936,19.549,5.3286
5.8573,24.308,5.3859
15.082,26.797,5.3859
16.986,4.5394,5.3859
19.695,8.2002,5.3859
19.915,8.8591,5.3859
20.134,15.082,5.3859
20.5,13.618,5.3859
13.398,25.625,5.3859
17.132,3.9536,5.3859
21.525,21.818,5.3859
21.672,21.233,5.3859
21.818,20.208,5.3859
5.0519,22.111,5.3859
12.813,25.772,5.3859
16.84,26.358,5.3859
21.379,20.281,5.3859
21.452,22.624,5.3859
22.55,20.281,5.3859
4.4662,17.352,5.3859
15.961,26.211,5.3859
18.963,5.2715,5.3859
19.256,6.5894,5.3859
20.061,14.423,5.3859
22.111,18.304,5.3859
12.593,26.504,5.3859
15.229,4.759,5.3859
16.254,3.8804,5.3859
17.279,25.186,5.3859
21.672,19.549,5.3859
6.9555,10.982,5.3859
16.034,4.4662,5.3859
18.011,4.2465,5.3859
18.304,22.624,5.3859
18.304,23.942,5.3859
18.89,16.181,5.3859
20.208,20.208,5.3859
20.208,24.893,5.3859
21.086,19.036,5.3859
21.159,19.622,5.3859
14.643,26.651,5.3859
15.668,24.893,5.3859
16.4,21.745,5.3859
16.62,24.82,5.3859
19.256,20.793,5.3859
19.549,24.674,5.3859
21.086,18.597,5.3859
21.086,20.354,5.3859
21.159,22.77,5.3859
21.672,18.743,5.3859
16.254,25.333,5.3859
18.45,19.183,5.3859
19.109,15.229,5.3859
19.109,21.379,5.3859
20.281,24.381,5.3859
20.647,20.72,5.3859
20.793,21.525,5.3859
23.136,22.77,5.3859
5.1983,24.088,5.3859
15.375,26.431,5.3859
15.595,25.699,5.3859
18.377,21.306,5.3859
19.402,23.649,5.3859
19.768,21.452,5.3859
20.208,23.136,5.3859
21.013,23.795,5.3859
21.159,21.306,5.3859
21.745,23.136,5.3859
15.082,25.113,5.3859
16.034,5.1251,5.3859
17.132,24.234,5.3859
17.572,22.843,5.3859
19.329,16.986,5.3859
20.866,13.765,5.3859
4.5394,18.597,5.3859
5.784,21.306,5.3859
8.493,10.982,5.3859
10.177,19.768,5.3859
16.84,22.697,5.3859
17.352,19.622,5.3859
17.352,22.111,5.3859
17.425,23.356,5.3859
18.67,18.157,5.3859
20.061,20.94,5.3859
20.134,23.722,5.3859
21.379,18.157,5.3859
21.891,16.766,5.3859
21.965,17.938,5.3859
16.474,23.356,5.3859
19.036,16.254,5.3859
19.329,22.99,5.3859
19.549,17.865,5.3859
19.695,13.911,5.3859
19.695,22.258,5.3859
21.818,17.352,5.3859
6.2966,12.666,5.3859
8.7127,13.472,5.3859
9.152,15.595,5.3859
9.2984,19.036,5.3859
9.4448,10.543,5.3859
10.25,14.35,5.3859
10.47,13.545,5.3859
11.056,13.325,5.3859
15.449,23.136,5.3859
16.107,22.404,5.3859
16.62,18.963,5.3859
16.766,20.427,5.3859
17.279,21.599,5.3859
17.499,18.67,5.3859
17.938,17.645,5.3859
17.938,20.574,5.3859
18.304,16.327,5.3859
18.67,20.647,5.3859
18.816,16.913,5.3859
19.988,20.134,5.3859
20.134,12.886,5.3859
20.354,18.89,5.3859
20.793,18.377,5.3859
7.6144,11.056,5.3859
8.1269,12.154,5.3859
8.4198,14.057,5.3859
9.2252,12.007,5.3859
9.4448,22.624,5.3859
9.518,13.691,5.3859
9.9573,20.5,5.3859
10.031,10.177,5.3859
10.031,22.111,5.3859
10.47,11.422,5.3859
11.495,25.186,5.3859
11.715,18.011,5.3859
12.373,12.666,5.3859
12.813,11.129,5.3859
13.911,5.4912,5.3859
14.79,6.5894,5.3859
15.082,7.1751,5.3859
15.888,20.354,5.3859
17.206,20.94,5.3859
17.499,4.0269,5.3859
17.791,16.913,5.3859
18.67,14.863,5.3859
19.329,19.549,5.3859
20.354,19.402,5.3859
6.5894,13.545,5.3859
6.5894,14.863,5.3859
6.9555,19.109,5.3859
7.468,13.911,5.3859
7.6144,12.154,5.3859
7.6144,14.57,5.3859
7.9805,13.325,5.3859
8.1269,21.013,5.3859
8.5662,18.524,5.3859
8.6395,21.452,5.3859
9.2252,16.84,5.3859
9.2252,20.281,5.3859
9.4448,21.818,5.3859
9.518,15.009,5.3859
9.5913,14.35,5.3859
9.7377,21.013,5.3859
9.8841,11.495,5.3859
10.397,10.543,5.3859
10.543,21.306,5.3859
10.836,10.982,5.3859
10.836,12.007,5.3859
10.982,19.768,5.3859
11.056,11.422,5.3859
11.422,21.891,5.3859
11.641,14.497,5.3859
11.715,12.52,5.3859
11.934,16.766,5.3859
12.373,12.081,5.3859
12.593,15.009,5.3859
12.886,12.813,5.3859
13.252,11.715,5.3859
14.716,5.418,5.3859
17.791,6.8091,5.3859
18.231,15.449,5.3859
18.67,13.472,5.3859
19.402,12.74,5.3859
19.768,18.89,5.3859
19.841,13.325,5.3859
20.793,17.865,5.3859
22.99,21.672,5.3859
5.7108,16.84,5.3859
6.1501,20.793,5.3859
6.2966,21.525,5.3859
7.0287,22.404,5.3859
7.1019,21.086,5.3859
8.0537,15.815,5.3859
8.493,24.161,5.3859
8.7859,19.183,5.3859
9.3716,12.74,5.3859
9.8109,12.154,5.3859
10.177,14.863,5.3859
10.177,15.888,5.3859
10.909,12.666,5.3859
11.129,16.766,5.3859
11.788,14.057,5.3859
11.861,15.815,5.3859
11.934,8.493,5.3859
11.934,13.472,5.3859
12.081,25.333,5.3859
13.252,6.443,5.3859
13.252,10.909,5.3859
13.398,9.7377,5.3859
13.838,6.443,5.3859
14.423,6.0037,5.3859
14.936,24.161,5.3859
15.082,23.575,5.3859
16.4,19.768,5.3859
16.913,14.863,5.3859
17.206,13.838,5.3859
18.157,12.813,5.3859
19.329,15.229,5.3859
19.549,12.227,5.3859
20.427,9.8841,5.3859
20.427,11.348,5.3859
21.159,16.4,5.3859
21.233,17.425,5.3859
21.745,16.327,5.3859
4.759,15.961,5.3859
5.418,18.816,5.3859
5.6376,12.886,5.3859
5.9305,12.007,5.3859
6.6626,14.131,5.3859
6.6626,20.866,5.3859
6.7358,22.111,5.3859
6.8091,13.032,5.3859
7.0287,15.302,5.3859
7.0287,15.741,5.3859
7.1019,12.227,5.3859
7.6144,18.084,5.3859
7.6876,16.84,5.3859
7.7609,12.813,5.3859
7.7609,17.425,5.3859
8.3466,12.813,5.3859
8.6395,16.693,5.3859
8.6395,19.988,5.3859
9.0055,13.984,5.3859
9.3716,25.406,5.3859
9.4448,24.015,5.3859
9.7377,18.377,5.3859
9.8841,16.327,5.3859
10.323,17.572,5.3859
11.715,10.909,5.3859
12.154,10.543,5.3859
12.227,22.55,5.3859
12.959,10.177,5.3859
13.691,7.0287,5.3859
13.691,7.7609,5.3859
15.741,6.9555,5.3859
16.327,6.443,5.3859
16.327,18.011,5.3859
16.4,5.6376,5.3859
16.986,17.718,5.3859
17.718,15.595,5.3859
17.791,16.327,5.3859
18.157,14.057,5.3859
18.524,12.593,5.3859
18.743,21.965,5.3859
20.354,17.938,5.3859
20.866,24.6,5.3859
21.891,16.986,5.3859
5.1251,17.791,5.3859
5.1983,14.277,5.3859
5.3447,19.915,5.3859
5.5644,15.522,5.3859
6.0769,14.57,5.3859
6.5894,16.766,5.3859
7.1019,20.281,5.3859
7.6876,19.036,5.3859
7.7609,21.965,5.3859
7.8341,23.868,5.3859
8.2734,25.406,5.3859
8.7127,12.007,5.3859
8.9323,17.132,5.3859
9.0787,16.034,5.3859
9.0787,18.084,5.3859
9.7377,23.649,5.3859
11.129,9.3716,5.3859
11.129,15.009,5.3859
11.861,7.6144,5.3859
12.593,7.2484,5.3859
12.959,8.493,5.3859
13.252,7.1751,5.3859
13.691,9.152,5.3859
15.888,6.1501,5.3859
16.986,6.6626,5.3859
17.059,16.254,5.3859
17.425,14.57,5.3859
17.865,10.543,5.3859
17.938,8.2002,5.3859
18.084,11.641,5.3859
18.67,10.689,5.3859
19.402,6.1501,5.3859
19.768,10.909,5.3859
20.208,18.743,5.3859
5.0519,22.404,5.3859
5.5644,13.984,5.3859
6.2966,22.038,5.3859
6.2966,25.333,5.3859
6.443,20.281,5.3859
6.5162,18.304,5.3859
6.8091,23.429,5.3859
7.0287,16.254,5.3859
7.3216,13.325,5.3859
7.6876,20.208,5.3859
7.6876,22.624,5.3859
8.7127,17.645,5.3859
9.0787,10.836,5.3859
9.518,10.689,5.3859
10.397,26.797,5.3859
10.543,10.031,5.3859
10.616,25.992,5.3859
10.836,22.99,5.3859
12.081,9.5913,5.3859
12.154,9.0055,5.3859
12.3,6.7358,5.3859
12.3,23.429,5.3859
13.032,9.2252,5.3859
13.032,12.447,5.3859
15.229,6.3698,5.3859
16.62,7.2484,5.3859
16.766,6.1501,5.3859
17.791,7.0287,5.3859
17.938,9.6645,5.3859
18.157,9.9573,5.3859
19.036,11.715,5.3859
19.768,15.961,5.3859
19.988,18.377,5.3859
20.208,17.352,5.3859
20.354,14.423,5.3859
20.866,16.986,5.3859
21.379,10.177,5.3859
23.356,24.088,5.3859
4.9787,16.4,5.3859
5.418,13.179,5.3859
5.8573,16.107,5.3859
6.0037,23.502,5.3859
6.1501,15.009,5.3859
7.0287,18.011,5.3859
7.1019,26.577,5.3859
7.3948,23.063,5.3859
7.6144,10.982,5.3859
7.6144,25.479,5.3859
7.7609,20.94,5.3859
8.3466,22.404,5.3859
9.0787,26.797,5.3859
9.6645,26.138,5.3859
9.7377,26.651,5.3859
11.202,26.651,5.3859
11.934,11.861,5.3859
13.106,24.747,5.3859
14.423,23.429,5.3859
16.84,5.4912,5.3859
17.279,7.1751,5.3859
17.572,6.2233,5.3859
18.231,7.468,5.3859
19.109,9.152,5.3859
19.695,7.3216,5.3859
4.8322,18.67,5.3859
5.4912,22.55,5.3859
5.784,18.157,5.3859
8.7859,26.504,5.3859
16.84,14.277,5.3859
18.524,8.9323,5.3859
19.768,9.8841,5.3859
20.94,15.082,5.3859
22.477,21.013,5.3859
22.99,22.55,5.3859
4.9055,17.279,5.3859
6.1501,22.843,5.3859
6.8091,22.843,5.3859
8.2002,26.577,5.3859
8.4198,10.909,5.3859
10.616,9.4448,5.3859
19.475,9.6645,5.3859
20.5,12.74,5.3859
20.5,16.327,5.3859
21.159,15.888,5.3859
11.861,24.527,5.3859
13.545,24.088,5.3859
14.35,24.308,5.3859
17.865,5.784,5.3859
20.354,9.0055,5.3859
5.0519,14.863,5.3859
5.1251,22.55,5.3859
5.3447,21.159,5.3859
16.986,3.8804,5.3859
18.304,4.6858,5.3859
19.695,8.2734,5.3859
20.134,15.522,5.3859
4.9055,15.668,5.3859
6.2966,24.015,5.3859
7.2484,25.186,5.3859
14.863,25.259,5.3859
17.499,4.9055,5.3859
17.938,5.418,5.3859
18.743,7.6876,5.3859
18.816,4.9787,5.3859
7.3216,26.138,5.3859
17.499,3.8804,5.3859
18.597,6.8091,5.3859
22.331,22.404,5.3859
5.6376,23.722,5.3859
13.838,25.625,5.3859
15.595,25.113,5.3859
18.45,5.784,5.3859
19.475,21.745,5.3859
11.934,21.525,5.3859
12.447,19.329,5.3859
12.74,15.888,5.3859
12.74,21.891,5.3859
12.813,20.427,5.3859
12.886,14.204,5.3859
12.959,21.379,5.3859
13.032,16.327,5.3859
13.252,17.572,5.3859
13.252,19.622,5.3859
13.252,21.159,5.3859
13.472,14.423,5.3859
13.545,18.67,5.3859
13.545,20.208,5.3859
13.545,21.745,5.3859
13.618,10.25,5.3859
13.618,13.984,5.3859
13.618,15.302,5.3859
13.618,16.034,5.3859
13.765,20.574,5.3859
13.838,13.398,5.3859
13.911,17.499,5.3859
13.984,10.836,5.3859
14.057,11.202,5.3859
14.057,22.258,5.3859
14.131,8.4198,5.3859
14.131,12.154,5.3859
14.131,14.643,5.3859
14.131,15.522,5.3859
14.131,19.695,5.3859
14.131,21.891,5.3859
14.204,19.183,5.3859
14.204,21.233,5.3859
14.277,21.745,5.3859
14.35,9.7377,5.3859
14.423,7.3948,5.3859
14.423,7.9805,5.3859
14.497,20.5,5.3859
14.57,14.057,5.3859
14.643,9.0055,5.3859
14.643,15.888,5.3859
14.643,18.231,5.3859
14.716,13.472,5.3859
14.79,11.056,5.3859
14.863,10.104,5.3859
14.936,15.229,5.3859
14.936,17.499,5.3859
15.009,8.7127,5.3859
15.009,11.715,5.3859
15.009,14.716,5.3859
15.009,20.281,5.3859
15.082,9.4448,5.3859
15.229,12.447,5.3859
15.229,12.886,5.3859
15.229,17.059,5.3859
15.302,16.766,5.3859
15.302,19.183,5.3859
15.302,19.988,5.3859
15.375,15.888,5.3859
15.375,18.524,5.3859
15.449,8.6395,5.3859
15.449,13.765,5.3859
15.449,21.086,5.3859
15.522,10.616,5.3859
15.668,14.35,5.3859
15.668,14.79,5.3859
15.741,9.3716,5.3859
15.815,7.8341,5.3859
15.815,19.329,5.3859
15.888,17.645,5.3859
16.181,16.107,5.3859
16.181,17.059,5.3859
16.254,11.422,5.3859
16.327,12.373,5.3859
16.4,12.959,5.3859
16.4,13.765,5.3859
16.474,10.031,5.3859
16.547,7.7609,5.3859
16.547,9.4448,5.3859
16.547,15.302,5.3859
16.62,8.6395,5.3859
16.84,12.3,5.3859
16.986,12.74,5.3859
17.059,10.909,5.3859
17.132,10.25,5.3859
17.132,11.788,5.3859
17.206,9.7377,5.3859
17.352,8.9323,5.3859
17.425,9.2252,5.3859
13.984,25.259,6.8757
14.131,24.674,6.8757
14.131,26.724,6.8757
15.668,26.651,6.8757
16.181,3.8072,6.8757
16.986,4.5394,6.8757
22.111,20.793,6.8757
22.624,19.402,6.8757
9.518,10.47,6.8757
19.768,24.527,6.8757
20.94,7.8341,6.8757
21.672,19.841,6.8757
13.252,26.504,6.8757
16.474,4.4662,6.8757
17.059,25.552,6.8757
19.475,22.697,6.8757
19.622,23.356,6.8757
22.55,18.011,6.8757
11.202,8.2002,6.8757
16.034,4.3197,6.8757
18.67,23.429,6.8757
19.109,18.67,6.8757
13.325,25.552,6.8757
15.449,17.279,6.8757
20.354,21.159,6.8757
20.72,6.7358,6.8757
21.086,20.5,6.8757
15.522,16.474,6.8757
16.327,25.113,6.8757
20.354,6.3698,6.8757
20.354,22.038,6.8757
15.888,15.668,6.8757
16.913,24.6,6.8757
17.572,24.381,6.8757
17.718,23.502,6.8757
17.865,19.695,6.8757
22.477,17.352,6.8757
5.1983,22.258,6.8757
9.9573,20.866,6.8757
15.741,4.9787,6.8757
7.3948,11.129,6.8757
14.716,5.4912,6.8757
16.62,24.234,6.8757
16.986,20.134,6.8757
17.059,21.452,6.8757
19.402,17.059,6.8757
19.622,15.741,6.8757
20.354,13.618,6.8757
21.599,22.404,6.8757
22.404,16.766,6.8757
11.056,9.4448,6.8757
15.229,8.0537,6.8757
17.718,18.45,6.8757
17.938,21.525,6.8757
18.084,18.816,6.8757
18.524,21.379,6.8757
9.152,13.398,6.8757
10.25,12.154,6.8757
10.323,10.25,6.8757
13.472,16.986,6.8757
14.716,15.522,6.8757
15.229,18.084,6.8757
15.888,21.306,6.8757
16.107,18.597,6.8757
16.4,20.5,6.8757
16.913,23.502,6.8757
17.059,9.9573,6.8757
17.352,19.109,6.8757
17.718,22.99,6.8757
18.524,17.718,6.8757
18.67,16.766,6.8757
19.475,13.765,6.8757
19.549,15.229,6.8757
19.841,21.086,6.8757
20.061,7.3216,6.8757
20.134,14.131,6.8757
22.99,21.525,6.8757
8.6395,12.3,6.8757
8.7127,11.056,6.8757
9.7377,12.081,6.8757
10.104,13.618,6.8757
11.202,11.861,6.8757
11.495,12.447,6.8757
11.641,19.695,6.8757
12.154,18.816,6.8757
12.154,20.134,6.8757
12.959,16.693,6.8757
13.325,15.302,6.8757
13.398,11.129,6.8757
13.838,17.645,6.8757
14.643,19.549,6.8757
14.79,14.57,6.8757
15.082,13.984,6.8757
15.449,6.2233,6.8757
15.741,13.545,6.8757
15.888,19.402,6.8757
16.62,5.2715,6.8757
16.62,18.011,6.8757
17.132,9.0055,6.8757
17.499,17.718,6.8757
17.645,21.013,6.8757
17.645,21.891,6.8757
17.791,17.279,6.8757
18.084,18.231,6.8757
18.524,20.72,6.8757
18.743,15.595,6.8757
19.109,21.306,6.8757
19.475,18.45,6.8757
20.061,14.863,6.8757
20.208,18.89,6.8757
22.038,15.449,6.8757
5.6376,18.377,6.8757
7.2484,13.545,6.8757
7.7609,12.154,6.8757
10.616,18.67,6.8757
10.836,14.35,6.8757
11.129,13.838,6.8757
11.348,15.375,6.8757
11.422,11.129,6.8757
11.568,19.036,6.8757
11.641,14.79,6.8757
12.593,17.938,6.8757
12.593,18.89,6.8757
13.179,19.183,6.8757
13.325,13.179,6.8757
13.325,14.423,6.8757
13.984,18.816,6.8757
15.156,6.6626,6.8757
15.595,23.649,6.8757
15.888,8.9323,6.8757
15.961,22.99,6.8757
16.034,7.1019,6.8757
16.181,6.0769,6.8757
16.254,13.691,6.8757
16.766,6.5162,6.8757
16.766,22.624,6.8757
17.791,16.107,6.8757
18.377,12.227,6.8757
20.134,19.768,6.8757
20.866,11.495,6.8757
7.1019,11.348,6.8757
7.3216,14.35,6.8757
8.493,13.398,6.8757
8.8591,21.452,6.8757
9.518,16.107,6.8757
10.031,19.109,6.8757
10.47,11.495,6.8757
10.763,14.863,6.8757
10.763,15.668,6.8757
11.056,10.689,6.8757
11.715,16.693,6.8757
11.934,20.72,6.8757
12.081,22.917,6.8757
12.154,11.422,6.8757
12.447,9.152,6.8757
12.666,9.8109,6.8757
12.886,11.934,6.8757
13.106,7.3948,6.8757
13.398,20.134,6.8757
13.472,8.1269,6.8757
13.545,17.938,6.8757
13.618,12.373,6.8757
13.838,21.965,6.8757
13.984,6.1501,6.8757
13.984,6.9555,6.8757
13.984,11.861,6.8757
14.57,7.1751,6.8757
14.57,11.202,6.8757
15.009,18.67,6.8757
15.375,8.7127,6.8757
16.034,11.495,6.8757
16.107,8.2002,6.8757
16.327,9.518,6.8757
16.547,3.8804,6.8757
16.84,8.2002,6.8757
16.84,13.106,6.8757
17.938,6.5162,6.8757
18.524,9.518,6.8757
18.524,14.204,6.8757
18.524,16.181,6.8757
19.109,22.111,6.8757
19.841,12.3,6.8757
5.2715,16.62,6.8757
6.6626,14.716,6.8757
6.8091,17.718,6.8757
6.9555,13.911,6.8757
7.1751,15.156,6.8757
7.6144,19.988,6.8757
7.6876,15.375,6.8757
8.2734,14.277,6.8757
8.3466,17.279,6.8757
8.7859,20.94,6.8757
8.9323,15.741,6.8757
9.0055,11.861,6.8757
9.0787,14.57,6.8757
9.2252,19.988,6.8757
9.4448,19.256,6.8757
9.518,18.157,6.8757
10.031,14.716,6.8757
10.25,15.156,6.8757
10.323,14.35,6.8757
10.397,16.181,6.8757
10.397,22.184,6.8757
11.422,22.624,6.8757
11.495,13.545,6.8757
12.593,13.179,6.8757
12.886,10.616,6.8757
13.106,11.348,6.8757
13.325,13.911,6.8757
13.398,9.518,6.8757
13.472,10.177,6.8757
13.472,20.793,6.8757
13.911,9.2984,6.8757
14.277,20.061,6.8757
14.35,6.443,6.8757
14.423,10.543,6.8757
14.57,13.032,6.8757
14.716,12.154,6.8757
15.302,10.031,6.8757
15.449,15.522,6.8757
15.595,22.258,6.8757
15.668,10.689,6.8757
16.107,13.106,6.8757
16.474,9.152,6.8757
17.279,6.8091,6.8757
17.572,7.5412,6.8757
17.718,10.397,6.8757
17.791,13.691,6.8757
18.084,8.5662,6.8757
18.963,13.545,6.8757
19.036,12.813,6.8757
19.695,16.254,6.8757
20.134,11.056,6.8757
20.354,10.104,6.8757
20.793,20.134,6.8757
21.013,19.402,6.8757
6.0037,12.3,6.8757
6.2966,21.891,6.8757
6.5162,17.206,6.8757
7.468,12.593,6.8757
8.4198,19.329,6.8757
8.493,19.915,6.8757
9.518,24.6,6.8757
9.6645,23.722,6.8757
9.8109,11.056,6.8757
10.104,24.747,6.8757
11.715,9.5913,6.8757
12.007,10.25,6.8757
13.398,6.8091,6.8757
14.057,7.6144,6.8757
14.277,15.156,6.8757
15.082,23.209,6.8757
15.522,12.081,6.8757
16.913,13.984,6.8757
17.425,12.959,6.8757
18.231,7.3948,6.8757
18.67,11.056,6.8757
18.963,9.0787,6.8757
19.183,10.763,6.8757
19.988,9.7377,6.8757
20.72,9.152,6.8757
5.2715,19.841,6.8757
5.7108,16.913,6.8757
5.8573,17.718,6.8757
6.0769,13.032,6.8757
6.2966,14.057,6.8757
6.2966,15.595,6.8757
6.3698,21.233,6.8757
6.5894,16.254,6.8757
6.8823,12.593,6.8757
7.468,17.206,6.8757
7.9805,15.009,6.8757
8.1269,22.843,6.8757
8.2734,10.982,6.8757
9.152,18.67,6.8757
9.2252,22.331,6.8757
9.6645,13.838,6.8757
12.154,21.891,6.8757
12.227,7.468,6.8757
12.3,7.9073,6.8757
12.666,19.988,6.8757
12.666,22.258,6.8757
12.813,8.3466,6.8757
13.398,8.5662,6.8757
13.472,9.0055,6.8757
13.691,22.624,6.8757
14.277,8.1269,6.8757
14.716,9.2252,6.8757
18.45,10.397,6.8757
18.597,8.493,6.8757
19.256,10.031,6.8757
19.622,6.1501,6.8757
19.622,9.2252,6.8757
21.599,19.256,6.8757
5.418,21.379,6.8757
5.784,18.524,6.8757
6.2966,18.963,6.8757
7.1751,23.429,6.8757
7.3216,18.963,6.8757
19.183,8.2002,6.8757
19.402,5.1251,6.8757
19.768,11.348,6.8757
5.4912,19.256,6.8757
5.6376,16.107,6.8757
6.5162,20.574,6.8757
7.1019,22.624,6.8757
7.3948,16.62,6.8757
7.5412,22.038,6.8757
8.2002,23.942,6.8757
8.2734,18.231,6.8757
13.106,23.136,6.8757
5.5644,14.643,6.8757
6.3698,18.231,6.8757
6.6626,23.356,6.8757
7.1019,18.231,6.8757
7.5412,22.697,6.8757
8.0537,24.674,6.8757
9.2252,10.836,6.8757
14.277,15.668,6.8757
18.377,5.8573,6.8757
19.036,7.0287,6.8757
19.695,8.2002,6.8757
20.134,4.5394,6.8757
5.4912,15.156,6.8757
5.9305,22.477,6.8757
18.011,5.3447,6.8757
18.45,4.9055,6.8757
18.963,6.1501,6.8757
20.354,16.766,6.8757
21.672,16.474,6.8757
5.4912,17.645,6.8757
6.5162,22.624,6.8757
19.329,7.9073,6.8757
19.622,5.7108,6.8757
17.572,4.1001,6.8757
18.011,4.4662,6.8757
5.418,22.624,6.8757
7.3948,23.868,6.8757
20.793,15.522,6.8757
5.4912,15.375,6.8757
6.9555,23.722,6.8757
11.641,8.7859,6.8757
21.159,17.499,6.8757
22.99,18.157,6.8757
7.9073,10.909,8.3654
20.866,18.084,8.3654
16.547,3.9536,8.3654
17.425,4.8322,8.3654
21.672,15.961,8.3654
20.281,15.888,8.3654
21.086,16.547,8.3654
5.3447,19.109,8.3654
16.547,15.449,8.3654
7.9805,10.982,8.3654
20.793,6.3698,8.3654
21.452,7.8341,8.3654
16.913,14.57,8.3654
16.547,6.1501,8.3654
16.766,5.0519,8.3654
19.109,17.279,8.3654
21.086,12.227,8.3654
16.181,5.0519,8.3654
16.327,4.4662,8.3654
16.327,8.493,8.3654
18.524,17.279,8.3654
19.475,16.693,8.3654
20.208,16.62,8.3654
12.593,14.35,8.3654
14.057,16.986,8.3654
14.423,17.499,8.3654
16.181,17.572,8.3654
17.425,9.9573,8.3654
19.915,15.302,8.3654
20.94,16.034,8.3654
9.5913,13.032,8.3654
9.8109,10.47,8.3654
15.815,17.865,8.3654
17.352,6.2966,8.3654
20.427,15.668,8.3654
5.5644,21.306,8.3654
12.154,11.641,8.3654
12.154,13.325,8.3654
12.886,13.984,8.3654
13.179,18.597,8.3654
13.691,15.595,8.3654
13.984,16.034,8.3654
14.057,18.084,8.3654
15.009,7.1751,8.3654
15.082,8.4198,8.3654
15.082,10.616,8.3654
15.156,5.5644,8.3654
15.815,10.104,8.3654
16.547,6.9555,8.3654
16.693,13.179,8.3654
17.425,13.691,8.3654
17.645,5.8573,8.3654
17.718,7.8341,8.3654
18.157,10.616,8.3654
19.183,15.815,8.3654
19.988,14.057,8.3654
20.5,13.252,8.3654
9.0055,13.252,8.3654
9.518,14.643,8.3654
10.543,14.57,8.3654
10.909,11.641,8.3654
11.422,11.495,8.3654
11.495,10.689,8.3654
11.715,13.838,8.3654
12.081,16.693,8.3654
12.3,15.009,8.3654
14.57,9.2984,8.3654
15.229,6.5162,8.3654
15.229,9.2984,8.3654
15.302,12.373,8.3654
15.741,14.277,8.3654
15.888,10.909,8.3654
15.888,13.179,8.3654
16.62,8.1269,8.3654
17.425,10.616,8.3654
17.499,6.8823,8.3654
9.2252,11.275,8.3654
9.5913,11.934,8.3654
10.031,19.183,8.3654
10.25,13.911,8.3654
11.202,15.815,8.3654
11.861,11.056,8.3654
12.593,12.52,8.3654
13.325,13.179,8.3654
13.398,6.2966,8.3654
13.618,12.52,8.3654
13.618,16.474,8.3654
13.691,7.6876,8.3654
14.131,12.52,8.3654
15.009,17.352,8.3654
15.668,6.8823,8.3654
16.547,16.181,8.3654
17.206,8.493,8.3654
17.645,9.0055,8.3654
18.231,11.422,8.3654
18.304,12.154,8.3654
18.524,6.7358,8.3654
19.475,9.518,8.3654
19.475,14.057,8.3654
20.281,11.934,8.3654
20.72,11.275,8.3654
7.7609,14.204,8.3654
8.3466,12.154,8.3654
8.6395,14.423,8.3654
9.2252,12.447,8.3654
9.7377,18.597,8.3654
10.25,10.982,8.3654
10.25,12.081,8.3654
10.689,13.691,8.3654
12.886,9.7377,8.3654
13.398,11.056,8.3654
13.398,11.641,8.3654
13.838,14.79,8.3654
13.984,13.179,8.3654
14.131,8.2002,8.3654
14.643,6.443,8.3654
17.059,7.6144,8.3654
20.134,6.2966,8.3654
20.866,14.423,8.3654
6.8823,16.766,8.3654
6.9555,12.227,8.3654
6.9555,15.961,8.3654
7.0287,14.277,8.3654
7.3948,14.863,8.3654
7.5412,13.838,8.3654
7.6876,11.568,8.3654
11.861,9.2984,8.3654
12.813,6.6626,8.3654
13.398,10.397,8.3654
13.472,9.5913,8.3654
13.765,8.6395,8.3654
13.984,13.765,8.3654
14.057,15.229,8.3654
14.277,7.2484,8.3654
14.79,10.031,8.3654
14.863,7.7609,8.3654
17.352,16.181,8.3654
18.816,7.468,8.3654
19.036,10.543,8.3654
19.915,12.447,8.3654
6.6626,13.618,8.3654
6.8091,19.475,8.3654
7.8341,15.375,8.3654
8.0537,12.52,8.3654
9.2252,17.865,8.3654
12.373,10.177,8.3654
17.645,15.815,8.3654
19.549,8.2002,8.3654
20.208,10.543,8.3654
20.647,8.5662,8.3654
5.7108,19.036,8.3654
5.784,19.841,8.3654
6.0769,14.57,8.3654
6.5162,12.666,8.3654
7.5412,12.666,8.3654
7.9073,19.036,8.3654
8.1269,15.888,8.3654
8.3466,15.375,8.3654
8.7127,18.084,8.3654
9.8109,17.718,8.3654
13.179,8.7127,8.3654
18.67,9.0055,8.3654
19.109,8.2002,8.3654
19.475,7.6144,8.3654
19.841,5.7108,8.3654
20.647,10.031,8.3654
6.0037,15.302,8.3654
6.1501,16.913,8.3654
7.6144,18.67,8.3654
7.9805,13.179,8.3654
11.275,9.8109,8.3654
18.743,6.2966,8.3654
19.329,6.3698,8.3654
19.988,9.3716,8.3654
20.061,8.3466,8.3654
20.5,9.2984,8.3654
8.9323,16.4,8.3654
8.9323,17.206,8.3654
19.549,8.9323,8.3654
7.3948,17.865,8.3654
6.7358,18.084,8.3654
19.109,5.1251,8.3654
18.011,5.0519,8.3654
18.45,4.3197,8.3654
