x,y,z
2.709,22.038,1.3119
3.2215,22.331,1.3119
10.397,19.329,1.3119
10.982,24.893,1.3119
12.373,21.086,1.3119
12.813,20.427,1.3119
13.252,22.184,1.3119
13.765,19.768,1.3119
14.131,20.281,1.3119
14.131,21.891,1.3119
14.643,21.379,1.3119
15.375,17.791,1.3119
15.961,19.768,1.3119
16.4,17.352,1.3119
17.938,17.499,1.3119
2.1233,23.063,1.3119
6.8091,23.722,1.3119
8.3466,22.697,1.3119
8.6395,23.063,1.3119
12.959,21.306,1.3119
12.959,24.674,1.3119
13.179,23.942,1.3119
13.765,16.913,1.3119
16.84,18.084,1.3119
17.938,16.766,1.3119
18.524,17.791,1.3119
2.1233,22.258,1.3119
3.0018,22.99,1.3119
3.3679,21.672,1.3119
4.1733,21.818,1.3119
8.2734,24.308,1.3119
14.497,23.063,1.3119
16.766,19.329,1.3119
17.059,16.84,1.3119
17.059,17.425,1.3119
17.499,17.132,1.3119
1.9036,24.454,1.3119
3.0018,23.575,1.3119
3.8804,21.159,1.3119
8.4198,22.331,1.3119
13.325,22.477,1.3119
14.57,22.258,1.3119
15.229,22.258,1.3119
15.961,21.745,1.3119
16.62,18.45,1.3119
17.865,18.377,1.3119
19.036,16.986,1.3119
21.525,13.545,1.3119
1.7572,23.575,1.3119
3.4411,23.209,1.3119
4.1733,19.622,1.3119
8.2002,23.429,1.3119
11.129,19.768,1.3119
11.715,19.915,1.3119
12.666,23.502,1.3119
15.229,21.013,1.3119
15.229,21.672,1.3119
17.132,19.695,1.3119
17.352,18.524,1.3119
17.352,18.963,1.3119
18.45,17.206,1.3119
21.745,14.936,1.3119
2.1233,21.379,1.3119
3.0018,21.159,1.3119
3.3679,19.768,1.3119
3.8804,19.988,1.3119
4.5394,20.281,1.3119
4.5394,22.258,1.3119
4.8322,21.965,1.3119
5.418,21.672,1.3119
7.0287,20.866,1.3119
8.8591,23.868,1.3119
9.2984,25.259,1.3119
10.323,18.67,1.3119
11.275,18.89,1.3119
12.007,18.963,1.3119
12.447,20.134,1.3119
14.497,16.62,1.3119
19.768,18.011,1.3119
19.915,14.497,1.3119
2.1233,21.818,1.3119
5.4912,22.404,1.3119
6.1501,18.963,1.3119
6.7358,22.697,1.3119
7.2484,23.136,1.3119
8.7859,24.454,1.3119
9.2252,24.747,1.3119
10.836,19.988,1.3119
10.909,18.084,1.3119
11.348,17.938,1.3119
12.3,17.791,1.3119
13.765,23.209,1.3119
15.741,25.992,1.3119
18.011,19.988,1.3119
18.011,22.99,1.3119
18.377,19.549,1.3119
18.524,14.936,1.3119
19.475,14.936,1.3119
19.915,15.522,1.3119
20.574,13.911,1.3119
20.647,14.79,1.3119
21.086,13.252,1.3119
5.784,25.479,1.3119
5.9305,19.695,1.3119
6.2966,22.331,1.3119
6.3698,20.793,1.3119
7.1019,21.745,1.3119
7.3948,22.404,1.3119
7.468,20.281,1.3119
7.468,24.6,1.3119
12.373,19.622,1.3119
14.35,23.502,1.3119
15.375,23.209,1.3119
15.888,23.942,1.3119
16.181,22.917,1.3119
16.254,22.111,1.3119
17.499,20.208,1.3119
17.499,21.525,1.3119
19.036,15.741,1.3119
19.183,17.865,1.3119
20.427,16.107,1.3119
21.233,16.034,1.3119
21.525,14.423,1.3119
2.7822,24.454,1.3119
2.9286,27.383,1.3119
3.6608,24.015,1.3119
4.6858,19.549,1.3119
5.3447,19.036,1.3119
5.418,20.647,1.3119
5.8573,18.304,1.3119
6.1501,24.381,1.3119
7.468,18.963,1.3119
7.5412,19.622,1.3119
7.5412,23.942,1.3119
7.8341,23.575,1.3119
8.7859,25.113,1.3119
10.47,17.645,1.3119
11.934,17.132,1.3119
12.74,16.84,1.3119
12.959,18.743,1.3119
14.79,24.308,1.3119
14.79,25.772,1.3119
17.425,14.863,1.3119
17.938,22.258,1.3119
18.743,18.304,1.3119
19.109,18.816,1.3119
19.402,16.693,1.3119
21.306,17.206,1.3119
3.5144,20.647,1.3119
4.9787,21.525,1.3119
4.9787,22.843,1.3119
5.2715,20.061,1.3119
5.5644,23.868,1.3119
6.0769,22.038,1.3119
6.2966,23.722,1.3119
7.5412,18.084,1.3119
7.6876,21.379,1.3119
8.2734,21.672,1.3119
8.2734,25.845,1.3119
8.4198,19.402,1.3119
10.47,17.059,1.3119
12.959,17.938,1.3119
18.084,14.35,1.3119
18.524,20.72,1.3119
18.743,14.35,1.3119
19.841,17.206,1.3119
20.208,13.838,1.3119
20.281,17.279,1.3119
21.159,14.131,1.3119
21.306,15.009,1.3119
2.1965,25.186,1.3119
2.8554,25.113,1.3119
4.2465,23.649,1.3119
4.5394,24.015,1.3119
4.8322,23.356,1.3119
5.2715,25.333,1.3119
6.2966,18.67,1.3119
6.7358,26.431,1.3119
6.9555,19.841,1.3119
6.9555,24.527,1.3119
7.0287,18.45,1.3119
8.2002,17.279,1.3119
8.7127,17.718,1.3119
9.9573,18.231,1.3119
10.104,17.206,1.3119
10.25,16.254,1.3119
10.982,17.132,1.3119
14.204,16.547,1.3119
14.936,25.333,1.3119
15.302,15.156,1.3119
15.888,14.863,1.3119
16.913,22.624,1.3119
16.913,25.333,1.3119
17.499,24.967,1.3119
19.915,16.4,1.3119
20.94,16.693,1.3119
21.159,18.157,1.3119
21.891,12.593,1.3119
2.2697,26.211,1.3119
3.734,26.065,1.3119
4.759,24.82,1.3119
5.1983,26.065,1.3119
5.7108,27.017,1.3119
5.784,23.356,1.3119
6.7358,25.04,1.3119
7.8341,20.5,1.3119
8.1269,19.915,1.3119
8.2734,18.157,1.3119
12.593,16.254,1.3119
13.325,16.181,1.3119
13.545,17.352,1.3119
15.961,15.302,1.3119
16.84,23.722,1.3119
18.816,20.061,1.3119
19.183,19.988,1.3119
20.354,13.398,1.3119
20.354,18.377,1.3119
5.5644,27.822,1.3119
6.1501,27.309,1.3119
6.9555,25.552,1.3119
10.909,16.766,1.3119
12.227,23.649,1.3119
13.838,15.888,1.3119
14.863,16.034,1.3119
15.375,16.327,1.3119
15.449,15.668,1.3119
15.741,24.82,1.3119
16.693,22.038,1.3119
17.791,14.057,1.3119
17.791,15.449,1.3119
18.231,20.793,1.3119
18.743,19.622,1.3119
19.329,21.233,1.3119
3.0018,27.529,1.3119
3.1483,25.845,1.3119
3.8804,25.259,1.3119
4.6126,25.552,1.3119
6.9555,27.09,1.3119
7.468,17.499,1.3119
7.6876,26.138,1.3119
8.0537,18.743,1.3119
8.5662,20.061,1.3119
8.7859,18.743,1.3119
9.0787,19.183,1.3119
14.497,15.449,1.3119
14.643,16.766,1.3119
14.936,14.936,1.3119
19.475,19.256,1.3119
20.647,17.645,1.3119
21.086,12.666,1.3119
3.0751,25.259,1.3119
4.3929,26.138,1.3119
5.0519,26.577,1.3119
6.0037,26.797,1.3119
7.9805,26.797,1.3119
8.7859,28.627,1.3119
15.009,14.423,1.3119
18.304,22.184,1.3119
18.377,21.525,1.3119
20.208,19.768,1.3119
21.159,17.279,1.3119
21.599,15.668,1.3119
2.1233,25.625,1.3119
3.0751,26.797,1.3119
4.2465,26.943,1.3119
4.9787,27.529,1.3119
6.5162,17.499,1.3119
8.6395,20.793,1.3119
20.866,18.597,1.3119
22.111,14.057,1.3119
4.759,17.132,2.7287
7.5412,27.236,2.7287
7.6876,29.067,2.7287
8.2734,28.115,2.7287
9.0055,26.651,2.7287
11.715,21.086,2.7287
12.593,23.722,2.7287
16.547,16.107,2.7287
19.475,19.768,2.7287
1.9768,19.329,2.7287
3.9536,27.968,2.7287
6.8823,29.286,2.7287
7.6144,28.554,2.7287
8.0537,17.938,2.7287
8.4198,16.986,2.7287
8.7859,27.822,2.7287
9.152,20.354,2.7287
9.3716,28.042,2.7287
9.4448,18.597,2.7287
10.982,20.5,2.7287
16.913,23.356,2.7287
17.425,12.154,2.7287
3.5876,20.647,2.7287
5.1983,28.847,2.7287
8.3466,28.847,2.7287
9.3716,21.965,2.7287
11.202,20.94,2.7287
11.568,22.258,2.7287
11.715,24.088,2.7287
12.593,22.917,2.7287
12.74,22.404,2.7287
18.597,23.209,2.7287
18.816,21.965,2.7287
20.647,18.157,2.7287
4.6858,28.261,2.7287
9.6645,20.94,2.7287
9.6645,27.09,2.7287
9.8841,19.402,2.7287
10.25,19.841,2.7287
10.982,21.891,2.7287
11.641,23.136,2.7287
12.666,21.745,2.7287
14.423,17.645,2.7287
17.279,15.961,2.7287
6.6626,28.408,2.7287
9.8109,25.918,2.7287
10.323,20.5,2.7287
10.543,22.111,2.7287
10.909,21.306,2.7287
18.304,24.527,2.7287
6.5894,29.14,2.7287
9.6645,22.917,2.7287
10.031,25.113,2.7287
10.177,21.452,2.7287
10.25,24.6,2.7287
10.763,25.772,2.7287
11.275,25.04,2.7287
13.838,18.45,2.7287
15.375,17.279,2.7287
15.961,17.059,2.7287
16.327,16.913,2.7287
18.304,16.107,2.7287
20.208,20.354,2.7287
1.684,23.722,2.7287
1.9036,22.77,2.7287
10.323,26.577,2.7287
10.543,23.209,2.7287
10.689,23.942,2.7287
14.204,20.208,2.7287
15.082,18.524,2.7287
16.62,17.645,2.7287
17.938,16.986,2.7287
22.55,8.7127,2.7287
11.934,24.015,2.7287
12.3,20.574,2.7287
13.545,15.595,2.7287
13.838,20.72,2.7287
14.131,19.475,2.7287
15.375,21.306,2.7287
15.668,19.915,2.7287
17.499,16.693,2.7287
18.743,24.234,2.7287
22.038,8.6395,2.7287
1.9768,20.281,2.7287
13.765,19.109,2.7287
14.423,19.915,2.7287
14.57,20.72,2.7287
15.009,21.159,2.7287
15.815,20.647,2.7287
16.547,18.231,2.7287
17.132,17.059,2.7287
19.402,9.2252,2.7287
1.9768,19.402,2.7287
2.05,16.84,2.7287
3.8804,20.94,2.7287
4.3197,21.745,2.7287
12.74,21.379,2.7287
13.179,22.55,2.7287
13.911,21.233,2.7287
14.863,19.549,2.7287
15.815,17.865,2.7287
16.034,19.256,2.7287
16.107,21.159,2.7287
17.206,17.865,2.7287
19.109,24.308,2.7287
1.9768,22.99,2.7287
3.1483,20.866,2.7287
4.8322,21.379,2.7287
9.0055,22.111,2.7287
13.106,23.502,2.7287
13.765,21.891,2.7287
13.765,22.99,2.7287
14.57,21.452,2.7287
15.668,22.624,2.7287
16.84,19.036,2.7287
16.986,18.45,2.7287
17.352,11.495,2.7287
17.645,10.397,2.7287
18.377,17.352,2.7287
18.67,13.545,2.7287
18.743,12.447,2.7287
18.816,16.913,2.7287
21.013,10.47,2.7287
21.672,11.348,2.7287
2.05,21.525,2.7287
3.8072,21.745,2.7287
8.2002,21.306,2.7287
12.3,18.011,2.7287
12.666,14.057,2.7287
13.252,17.938,2.7287
13.398,20.281,2.7287
14.716,21.965,2.7287
15.302,22.038,2.7287
15.375,12.3,2.7287
16.034,18.816,2.7287
16.107,12.593,2.7287
16.327,21.818,2.7287
16.84,11.129,2.7287
17.279,25.04,2.7287
18.597,11.348,2.7287
19.109,11.568,2.7287
19.549,11.348,2.7287
20.94,11.641,2.7287
2.05,17.865,2.7287
3.0751,21.599,2.7287
4.6126,20.647,2.7287
9.2984,15.302,2.7287
9.8109,23.575,2.7287
10.689,18.89,2.7287
11.348,14.863,2.7287
12.52,14.716,2.7287
12.666,19.622,2.7287
12.813,18.89,2.7287
12.813,20.134,2.7287
13.691,14.79,2.7287
13.765,20.574,2.7287
13.911,25.479,2.7287
14.497,23.063,2.7287
15.449,19.475,2.7287
15.668,10.397,2.7287
16.84,9.5913,2.7287
18.011,9.0055,2.7287
18.157,10.909,2.7287
18.816,10.543,2.7287
19.622,10.104,2.7287
19.695,12.593,2.7287
20.061,11.641,2.7287
20.281,10.689,2.7287
21.306,12.227,2.7287
21.379,12.886,2.7287
22.111,16.4,2.7287
2.1965,18.67,2.7287
2.7822,23.136,2.7287
3.2215,23.356,2.7287
6.3698,19.475,2.7287
9.7377,16.62,2.7287
12.3,18.89,2.7287
13.398,25.479,2.7287
13.472,12.3,2.7287
13.472,21.086,2.7287
13.545,15.961,2.7287
13.838,22.404,2.7287
14.131,22.697,2.7287
14.204,24.967,2.7287
14.35,23.868,2.7287
14.936,22.77,2.7287
15.888,11.129,2.7287
16.181,13.252,2.7287
16.62,24.088,2.7287
16.766,14.277,2.7287
17.279,12.886,2.7287
18.084,9.6645,2.7287
18.084,13.691,2.7287
18.231,10.177,2.7287
18.231,18.45,2.7287
19.549,13.398,2.7287
20.281,13.325,2.7287
21.013,15.302,2.7287
21.379,10.982,2.7287
22.038,11.934,2.7287
2.05,20.354,2.7287
2.2697,21.013,2.7287
2.3429,22.99,2.7287
2.6358,20.061,2.7287
3.0018,17.352,2.7287
3.8072,16.913,2.7287
3.8072,18.597,2.7287
4.5394,18.743,2.7287
5.6376,20.647,2.7287
6.7358,20.72,2.7287
7.1019,19.915,2.7287
7.468,22.111,2.7287
7.9073,22.038,2.7287
9.0055,23.868,2.7287
9.518,25.186,2.7287
10.104,13.325,2.7287
10.47,13.398,2.7287
10.836,14.423,2.7287
11.495,14.131,2.7287
12.593,17.645,2.7287
12.74,12.3,2.7287
12.813,11.715,2.7287
13.106,24.234,2.7287
13.398,21.672,2.7287
13.545,15.449,2.7287
13.691,24.015,2.7287
14.204,11.129,2.7287
14.57,11.641,2.7287
14.716,12.666,2.7287
14.936,11.275,2.7287
15.156,23.575,2.7287
15.668,21.891,2.7287
15.961,23.575,2.7287
16.327,10.763,2.7287
16.62,12.447,2.7287
17.572,14.131,2.7287
17.645,12.3,2.7287
18.011,12.666,2.7287
19.109,9.518,2.7287
19.768,14.79,2.7287
20.94,17.645,2.7287
21.379,13.911,2.7287
21.965,14.497,2.7287
21.965,15.156,2.7287
22.258,13.398,2.7287
1.9036,22.404,2.7287
2.05,24.161,2.7287
2.8554,16.84,2.7287
3.0018,18.304,2.7287
3.0751,18.89,2.7287
3.2947,19.768,2.7287
3.5876,18.011,2.7287
4.1001,19.841,2.7287
4.9055,17.865,2.7287
5.4912,19.695,2.7287
6.3698,16.913,2.7287
7.3216,19.402,2.7287
7.3216,21.233,2.7287
7.3948,23.063,2.7287
7.468,18.67,2.7287
7.6876,22.697,2.7287
7.9073,15.156,2.7287
7.9073,20.061,2.7287
8.4198,22.477,2.7287
9.5913,24.527,2.7287
10.323,16.84,2.7287
10.909,19.549,2.7287
11.275,13.545,2.7287
11.422,12.52,2.7287
11.422,15.302,2.7287
11.568,19.549,2.7287
11.861,18.524,2.7287
11.934,16.693,2.7287
12.154,19.841,2.7287
12.447,12.959,2.7287
13.179,15.156,2.7287
13.325,13.472,2.7287
13.398,10.543,2.7287
13.691,17.791,2.7287
13.765,11.422,2.7287
13.984,12.3,2.7287
14.057,12.886,2.7287
14.131,13.325,2.7287
14.423,24.381,2.7287
14.57,25.552,2.7287
14.716,10.763,2.7287
15.229,13.618,2.7287
15.741,12.227,2.7287
15.815,24.308,2.7287
16.254,11.641,2.7287
16.62,22.404,2.7287
16.913,10.543,2.7287
17.425,19.329,2.7287
17.499,23.795,2.7287
18.157,13.179,2.7287
18.743,22.331,2.7287
18.89,17.499,2.7287
19.183,18.011,2.7287
20.061,13.911,2.7287
20.574,12.52,2.7287
20.72,13.179,2.7287
2.7822,19.329,2.7287
4.0269,18.084,2.7287
4.759,22.258,2.7287
5.418,20.354,2.7287
5.7108,19.183,2.7287
5.9305,23.502,2.7287
6.2966,21.452,2.7287
7.1019,22.55,2.7287
7.2484,18.304,2.7287
7.2484,20.574,2.7287
7.3216,24.381,2.7287
8.1269,24.967,2.7287
8.3466,15.449,2.7287
8.3466,23.136,2.7287
8.8591,22.99,2.7287
9.6645,14.423,2.7287
9.8841,15.961,2.7287
9.9573,14.131,2.7287
10.323,12.666,2.7287
10.543,13.838,2.7287
11.202,15.961,2.7287
11.202,16.986,2.7287
11.788,17.499,2.7287
11.934,20.354,2.7287
12.081,15.888,2.7287
12.154,12.081,2.7287
12.154,13.911,2.7287
12.813,13.179,2.7287
12.886,15.888,2.7287
12.886,16.474,2.7287
13.252,24.747,2.7287
15.009,9.8841,2.7287
16.986,23.356,2.7287
17.791,18.304,2.7287
17.865,21.525,2.7287
17.865,24.454,2.7287
18.597,21.672,2.7287
18.963,19.036,2.7287
19.549,16.986,2.7287
20.793,14.57,2.7287
20.94,18.45,2.7287
21.379,16.254,2.7287
21.379,16.766,2.7287
22.258,12.666,2.7287
2.4161,16.254,2.7287
3.4411,15.668,2.7287
3.734,23.649,2.7287
4.2465,23.209,2.7287
4.8322,19.183,2.7287
5.1983,21.672,2.7287
5.418,12.52,2.7287
5.6376,21.745,2.7287
6.0769,25.113,2.7287
6.443,18.816,2.7287
6.8823,22.111,2.7287
7.9805,19.329,2.7287
8.0537,12.886,2.7287
8.6395,13.618,2.7287
9.2984,13.106,2.7287
9.3716,14.057,2.7287
9.3716,16.327,2.7287
9.9573,12.081,2.7287
10.25,14.643,2.7287
11.934,15.229,2.7287
12.007,10.763,2.7287
12.227,11.641,2.7287
12.593,9.7377,2.7287
13.106,18.963,2.7287
13.179,16.913,2.7287
14.131,10.47,2.7287
15.156,24.6,2.7287
15.229,25.406,2.7287
15.815,13.984,2.7287
16.181,24.893,2.7287
16.181,25.918,2.7287
16.4,15.522,2.7287
17.425,17.865,2.7287
17.645,22.477,2.7287
18.963,14.57,2.7287
19.036,23.283,2.7287
19.109,13.984,2.7287
19.329,15.668,2.7287
19.915,17.645,2.7287
20.134,9.9573,2.7287
20.5,17.206,2.7287
20.574,19.695,2.7287
2.1233,20.061,2.7287
2.3429,15.449,2.7287
3.8072,16.034,2.7287
5.6376,24.234,2.7287
6.0769,18.084,2.7287
6.0769,20.574,2.7287
6.2233,16.107,2.7287
6.6626,18.45,2.7287
6.6626,26.87,2.7287
6.9555,16.254,2.7287
6.9555,25.333,2.7287
7.6876,15.668,2.7287
7.7609,17.791,2.7287
7.9073,25.918,2.7287
7.9805,16.547,2.7287
8.1269,13.618,2.7287
8.1269,23.722,2.7287
8.3466,20.134,2.7287
8.4198,14.497,2.7287
8.4198,18.45,2.7287
8.7127,19.036,2.7287
8.7859,13.179,2.7287
8.9323,12.373,2.7287
9.0055,14.863,2.7287
9.0055,24.893,2.7287
9.7377,12.74,2.7287
10.616,12.007,2.7287
10.909,17.645,2.7287
10.982,12.373,2.7287
11.422,17.791,2.7287
11.934,13.106,2.7287
12.74,10.763,2.7287
12.886,15.449,2.7287
13.032,11.202,2.7287
14.423,14.57,2.7287
15.009,14.57,2.7287
16.254,14.643,2.7287
17.865,20.574,2.7287
18.011,19.841,2.7287
18.45,19.695,2.7287
19.768,19.329,2.7287
20.134,15.449,2.7287
20.574,16.181,2.7287
20.94,13.911,2.7287
2.7822,15.009,2.7287
3.0018,24.088,2.7287
3.1483,15.375,2.7287
3.5144,13.691,2.7287
4.2465,19.036,2.7287
4.3929,23.868,2.7287
4.9787,23.502,2.7287
5.1251,24.308,2.7287
5.4912,18.304,2.7287
5.7108,24.674,2.7287
6.2233,22.111,2.7287
6.443,22.99,2.7287
7.0287,17.425,2.7287
7.1019,24.674,2.7287
7.3948,16.913,2.7287
7.468,16.474,2.7287
7.6144,23.795,2.7287
8.4198,19.549,2.7287
8.5662,25.406,2.7287
8.7859,16.327,2.7287
9.152,10.763,2.7287
9.152,11.715,2.7287
9.2252,18.45,2.7287
9.6645,17.499,2.7287
9.8109,11.568,2.7287
10.323,15.156,2.7287
10.616,16.107,2.7287
10.982,11.056,2.7287
10.982,16.62,2.7287
11.788,11.422,2.7287
14.277,15.888,2.7287
15.741,15.449,2.7287
16.766,25.552,2.7287
16.913,14.863,2.7287
18.157,23.356,2.7287
20.061,21.159,2.7287
22.038,14.863,2.7287
2.4161,25.259,2.7287
3.0018,25.992,2.7287
3.2947,24.6,2.7287
3.4411,23.868,2.7287
4.1733,14.497,2.7287
4.2465,24.527,2.7287
4.6126,16.913,2.7287
4.6858,15.156,2.7287
4.9787,14.643,2.7287
5.0519,25.113,2.7287
5.1983,12.007,2.7287
6.6626,28.993,2.7287
6.7358,23.795,2.7287
7.2484,12.447,2.7287
7.3216,14.79,2.7287
7.5412,13.106,2.7287
8.0537,20.5,2.7287
8.2734,12.373,2.7287
8.493,16.986,2.7287
8.493,17.791,2.7287
8.8591,17.425,2.7287
9.8109,11.056,2.7287
10.543,11.056,2.7287
11.275,10.543,2.7287
12.3,10.47,2.7287
14.057,16.986,2.7287
14.79,16.327,2.7287
16.327,23.429,2.7287
17.791,24.161,2.7287
18.743,23.795,2.7287
19.109,19.695,2.7287
19.402,21.452,2.7287
19.841,18.743,2.7287
20.208,18.231,2.7287
22.477,13.545,2.7287
2.709,24.6,2.7287
3.8072,13.472,2.7287
3.9536,12.373,2.7287
4.4662,25.625,2.7287
5.2715,13.765,2.7287
5.2715,25.699,2.7287
5.5644,15.375,2.7287
5.7108,17.206,2.7287
5.784,25.479,2.7287
6.1501,14.643,2.7287
6.2233,25.918,2.7287
6.5162,13.911,2.7287
6.5162,14.936,2.7287
6.6626,11.861,2.7287
6.7358,14.204,2.7287
7.2484,10.616,2.7287
7.2484,13.765,2.7287
7.5412,20.281,2.7287
7.7609,12.373,2.7287
8.4198,28.847,2.7287
8.9323,19.622,2.7287
11.495,11.861,2.7287
14.131,9.6645,2.7287
14.716,15.229,2.7287
15.668,15.009,2.7287
18.67,21.086,2.7287
18.963,20.427,2.7287
19.183,18.45,2.7287
3.8072,14.863,2.7287
4.2465,19.841,2.7287
4.3197,13.325,2.7287
4.9787,27.895,2.7287
5.1983,11.202,2.7287
5.3447,14.204,2.7287
5.6376,12.666,2.7287
5.784,13.252,2.7287
5.8573,16.62,2.7287
6.0769,27.602,2.7287
7.3216,11.641,2.7287
7.468,26.724,2.7287
8.3466,10.543,2.7287
8.4198,26.504,2.7287
8.493,11.129,2.7287
8.7127,26.065,2.7287
8.8591,20.574,2.7287
15.229,15.668,2.7287
15.668,16.034,2.7287
17.791,25.113,2.7287
18.011,22.99,2.7287
20.72,19.109,2.7287
21.086,18.377,2.7287
21.159,10.397,2.7287
21.306,17.499,2.7287
2.6358,14.131,2.7287
3.5144,25.333,2.7287
3.5876,26.577,2.7287
3.9536,25.845,2.7287
4.6858,13.765,2.7287
4.759,15.888,2.7287
4.9787,16.4,2.7287
5.0519,17.059,2.7287
5.8573,14.057,2.7287
5.9305,11.495,2.7287
6.443,26.358,2.7287
6.6626,27.09,2.7287
6.8091,12.959,2.7287
8.8591,26.943,2.7287
9.152,11.348,2.7287
15.229,16.547,2.7287
19.329,20.134,2.7287
21.891,4.8322,2.7287
4.3929,12.813,2.7287
4.5394,26.724,2.7287
4.6858,14.35,2.7287
4.9787,12.74,2.7287
5.4912,11.934,2.7287
6.3698,12.373,2.7287
6.7358,11.202,2.7287
13.252,9.5913,2.7287
18.963,5.784,2.7287
19.915,19.988,2.7287
20.354,5.1983,2.7287
21.306,4.759,2.7287
2.8554,13.325,2.7287
3.734,11.788,2.7287
4.1733,11.788,2.7287
5.3447,27.017,2.7287
7.9073,27.09,2.7287
11.056,9.6645,2.7287
13.106,9.9573,2.7287
15.741,16.766,2.7287
7.1019,15.522,3.9881
7.9073,10.836,3.9881
8.9323,27.602,3.9881
9.2984,26.504,3.9881
12.227,21.159,3.9881
19.988,20.72,3.9881
3.2947,13.325,3.9881
4.5394,12.081,3.9881
6.5894,28.627,3.9881
7.1019,27.749,3.9881
9.0055,28.188,3.9881
9.3716,20.647,3.9881
9.518,27.529,3.9881
9.7377,28.261,3.9881
10.689,21.086,3.9881
12.52,21.818,3.9881
12.959,9.152,3.9881
17.059,5.4912,3.9881
19.256,18.377,3.9881
5.5644,22.624,3.9881
7.2484,28.92,3.9881
7.7609,28.408,3.9881
8.5662,28.554,3.9881
9.8109,20.134,3.9881
10.689,22.843,3.9881
13.032,21.306,3.9881
17.425,24.747,3.9881
18.45,8.3466,3.9881
3.0751,12.154,3.9881
4.5394,27.309,3.9881
4.9055,27.676,3.9881
9.518,21.086,3.9881
9.6645,21.672,3.9881
10.689,20.061,3.9881
10.836,21.891,3.9881
11.568,20.94,3.9881
11.861,22.917,3.9881
14.497,18.011,3.9881
17.425,8.2002,3.9881
17.645,17.718,3.9881
2.9286,12.74,3.9881
10.104,27.017,3.9881
11.495,9.3716,3.9881
11.568,21.745,3.9881
11.934,22.184,3.9881
12.081,24.234,3.9881
12.227,9.4448,3.9881
12.3,23.136,3.9881
12.593,24.015,3.9881
14.497,19.475,3.9881
15.449,18.304,3.9881
16.547,8.5662,3.9881
10.104,26.065,3.9881
10.25,25.259,3.9881
10.323,22.111,3.9881
11.202,21.159,3.9881
11.715,7.6876,3.9881
13.252,23.209,3.9881
14.423,19.915,3.9881
14.936,20.5,3.9881
18.816,8.4198,3.9881
5.8573,28.481,3.9881
10.397,19.256,3.9881
11.129,22.55,3.9881
12.227,7.1751,3.9881
12.3,22.697,3.9881
15.229,23.356,3.9881
15.741,21.086,3.9881
16.034,19.622,3.9881
11.129,23.649,3.9881
11.275,19.329,3.9881
11.934,24.527,3.9881
12.52,9.0787,3.9881
14.057,7.0287,3.9881
14.35,10.323,3.9881
15.815,20.574,3.9881
16.327,20.72,3.9881
16.4,18.743,3.9881
16.986,8.2734,3.9881
17.938,10.031,3.9881
2.2697,21.013,3.9881
9.9573,22.697,3.9881
11.129,18.89,3.9881
11.641,20.134,3.9881
13.325,22.404,3.9881
13.545,22.843,3.9881
14.131,20.574,3.9881
16.693,21.891,3.9881
16.766,9.518,3.9881
17.059,18.304,3.9881
17.645,9.4448,3.9881
18.524,9.152,3.9881
19.695,9.0787,3.9881
21.452,10.25,3.9881
21.818,10.836,3.9881
2.7822,21.306,3.9881
3.0751,21.891,3.9881
11.422,8.6395,3.9881
16.254,9.5913,3.9881
19.109,9.8841,3.9881
19.549,10.25,3.9881
19.988,9.5913,3.9881
20.793,10.323,3.9881
21.233,11.202,3.9881
21.306,9.8109,3.9881
2.5625,16.693,3.9881
10.25,24.015,3.9881
12.74,18.743,3.9881
13.032,7.468,3.9881
13.325,6.0037,3.9881
14.057,6.5162,3.9881
14.57,7.6876,3.9881
14.863,25.259,3.9881
15.082,21.745,3.9881
15.229,19.329,3.9881
15.375,9.4448,3.9881
15.815,10.323,3.9881
16.181,10.031,3.9881
16.766,10.47,3.9881
17.352,10.177,3.9881
18.816,11.422,3.9881
19.256,17.206,3.9881
20.281,12.3,3.9881
20.94,12.447,3.9881
3.0018,22.77,3.9881
8.0537,6.3698,3.9881
10.25,23.209,3.9881
10.982,7.9073,3.9881
11.495,10.616,3.9881
13.325,19.988,3.9881
13.398,24.381,3.9881
13.691,19.109,3.9881
15.375,10.616,3.9881
15.668,18.377,3.9881
15.741,21.891,3.9881
15.815,8.2002,3.9881
15.961,19.256,3.9881
17.791,18.89,3.9881
18.597,18.157,3.9881
18.816,10.689,3.9881
19.109,12.593,3.9881
19.183,12.007,3.9881
19.768,17.499,3.9881
19.841,10.689,3.9881
20.427,13.618,3.9881
20.647,12.886,3.9881
21.525,17.352,3.9881
21.745,12.154,3.9881
21.891,13.838,3.9881
2.05,22.55,3.9881
2.4893,22.77,3.9881
2.7822,20.574,3.9881
4.9055,19.988,3.9881
6.0037,25.259,3.9881
6.5894,8.6395,3.9881
8.1269,22.258,3.9881
9.5913,23.356,3.9881
11.275,10.25,3.9881
12.081,19.549,3.9881
12.3,19.036,3.9881
12.74,5.6376,3.9881
13.691,10.323,3.9881
13.691,21.818,3.9881
13.838,21.306,3.9881
14.35,21.672,3.9881
14.716,22.77,3.9881
14.79,8.8591,3.9881
15.009,10.323,3.9881
16.034,22.55,3.9881
17.499,18.084,3.9881
17.791,24.674,3.9881
19.329,11.056,3.9881
19.329,14.204,3.9881
19.475,17.938,3.9881
19.915,13.252,3.9881
20.281,11.275,3.9881
21.013,17.059,3.9881
21.745,12.74,3.9881
22.477,11.641,3.9881
22.624,13.106,3.9881
22.697,13.984,3.9881
2.4893,19.183,3.9881
3.3679,21.233,3.9881
4.2465,20.94,3.9881
4.6126,20.72,3.9881
8.7859,21.086,3.9881
10.177,11.641,3.9881
12.52,10.616,3.9881
14.277,22.477,3.9881
14.497,23.356,3.9881
15.522,24.674,3.9881
16.474,8.3466,3.9881
16.913,20.354,3.9881
16.986,22.477,3.9881
18.084,19.622,3.9881
18.89,20.866,3.9881
19.183,13.398,3.9881
19.475,15.082,3.9881
19.988,16.693,3.9881
20.134,14.497,3.9881
20.574,12.007,3.9881
20.866,16.107,3.9881
21.306,15.961,3.9881
21.745,10.689,3.9881
22.624,15.961,3.9881
1.9768,23.722,3.9881
2.4893,17.865,3.9881
2.5625,18.597,3.9881
2.7822,15.156,3.9881
3.1483,11.641,3.9881
3.3679,16.766,3.9881
3.4411,20.5,3.9881
3.8072,20.208,3.9881
4.3929,17.352,3.9881
5.2715,23.575,3.9881
5.3447,18.89,3.9881
6.0037,19.622,3.9881
6.5894,20.281,3.9881
7.7609,19.183,3.9881
8.0537,8.0537,3.9881
9.0787,22.477,3.9881
9.7377,21.233,3.9881
10.177,24.893,3.9881
10.689,6.5162,3.9881
11.056,4.6858,3.9881
12.3,18.524,3.9881
12.74,19.695,3.9881
14.057,8.3466,3.9881
14.057,10.982,3.9881
14.057,18.011,3.9881
14.057,23.502,3.9881
14.79,9.2984,3.9881
15.741,23.942,3.9881
16.327,22.917,3.9881
16.62,24.454,3.9881
17.279,20.208,3.9881
17.645,8.2002,3.9881
18.157,18.45,3.9881
19.036,21.525,3.9881
19.183,19.183,3.9881
21.159,9.2984,3.9881
21.306,13.545,3.9881
22.404,12.154,3.9881
2.1965,21.745,3.9881
2.3429,20.72,3.9881
2.4893,19.915,3.9881
2.8554,16.327,3.9881
2.8554,25.186,3.9881
3.2947,19.183,3.9881
3.734,16.986,3.9881
3.8072,18.011,3.9881
3.8804,9.8109,3.9881
4.4662,17.865,3.9881
4.5394,22.77,3.9881
5.6376,18.304,3.9881
7.1751,19.183,3.9881
7.3948,21.818,3.9881
7.5412,19.549,3.9881
8.2734,21.599,3.9881
9.5913,6.6626,3.9881
10.543,5.8573,3.9881
11.568,19.622,3.9881
11.715,24.893,3.9881
12.154,5.418,3.9881
13.252,10.836,3.9881
13.691,18.597,3.9881
13.911,9.5913,3.9881
14.057,24.234,3.9881
14.79,24.381,3.9881
16.327,23.942,3.9881
17.132,22.917,3.9881
17.645,20.647,3.9881
18.597,22.77,3.9881
18.963,19.841,3.9881
20.793,13.472,3.9881
21.745,14.863,3.9881
2.4161,23.942,3.9881
2.709,16.84,3.9881
3.2947,23.575,3.9881
3.8804,18.89,3.9881
4.1001,15.668,3.9881
5.3447,21.306,3.9881
5.418,23.063,3.9881
5.6376,21.599,3.9881
5.8573,20.281,3.9881
6.2233,22.038,3.9881
6.5162,19.402,3.9881
7.2484,20.354,3.9881
7.5412,22.331,3.9881
7.6144,8.4198,3.9881
7.7609,22.843,3.9881
8.1269,19.768,3.9881
9.0787,11.275,3.9881
9.152,7.0287,3.9881
9.518,11.568,3.9881
9.8841,10.25,3.9881
10.397,9.518,3.9881
10.909,11.129,3.9881
12.007,11.348,3.9881
13.325,10.031,3.9881
14.277,9.0787,3.9881
14.35,9.7377,3.9881
14.863,25.479,3.9881
15.449,23.063,3.9881
18.743,8.2002,3.9881
20.574,16.84,3.9881
20.72,17.865,3.9881
20.793,14.423,3.9881
21.233,14.936,3.9881
21.306,18.377,3.9881
21.891,16.766,3.9881
3.1483,18.45,3.9881
3.4411,23.209,3.9881
3.8072,23.722,3.9881
4.3197,18.597,3.9881
5.1983,22.184,3.9881
5.4912,24.088,3.9881
6.1501,20.72,3.9881
6.1501,21.379,3.9881
6.2966,24.747,3.9881
6.7358,21.818,3.9881
6.7358,22.77,3.9881
6.8091,24.015,3.9881
6.8823,18.377,3.9881
6.8823,21.233,3.9881
7.2484,16.986,3.9881
7.3948,23.136,3.9881
7.3948,25.113,3.9881
7.6876,20.208,3.9881
7.9073,21.013,3.9881
8.4198,23.429,3.9881
8.8591,10.397,3.9881
9.0787,24.015,3.9881
9.8109,24.015,3.9881
10.104,8.0537,3.9881
10.543,7.7609,3.9881
12.52,6.6626,3.9881
17.059,23.795,3.9881
18.377,19.549,3.9881
20.354,18.084,3.9881
21.525,18.084,3.9881
23.136,13.325,3.9881
2.9286,15.888,3.9881
3.0018,24.234,3.9881
3.734,15.302,3.9881
4.3197,21.672,3.9881
4.6126,19.036,3.9881
4.759,17.645,3.9881
5.6376,25.552,3.9881
6.2966,17.206,3.9881
7.2484,9.0787,3.9881
7.6144,24.308,3.9881
7.9073,21.672,3.9881
8.0537,9.3716,3.9881
8.0537,10.616,3.9881
8.3466,20.427,3.9881
8.493,22.917,3.9881
8.6395,8.8591,3.9881
8.9323,22.917,3.9881
9.2252,20.574,3.9881
9.6645,24.82,3.9881
9.8109,8.5662,3.9881
10.104,10.982,3.9881
10.323,10.031,3.9881
10.909,10.031,3.9881
14.131,6.5894,3.9881
15.961,24.967,3.9881
17.425,22.111,3.9881
17.425,23.063,3.9881
19.695,19.768,3.9881
20.061,17.425,3.9881
20.208,18.743,3.9881
20.427,15.449,3.9881
22.184,11.202,3.9881
2.709,17.499,3.9881
5.418,14.35,3.9881
7.7609,18.157,3.9881
8.0537,24.747,3.9881
8.7127,20.061,3.9881
8.7127,24.527,3.9881
9.0787,24.893,3.9881
11.202,5.5644,3.9881
11.715,5.418,3.9881
17.645,24.6,3.9881
18.231,21.159,3.9881
18.304,22.111,3.9881
18.45,20.72,3.9881
19.915,20.793,3.9881
20.647,21.086,3.9881
3.5876,25.845,3.9881
3.8804,24.893,3.9881
4.5394,9.152,3.9881
5.0519,15.302,3.9881
5.1251,8.8591,3.9881
6.0769,28.408,3.9881
6.1501,25.406,3.9881
6.3698,16.327,3.9881
6.3698,17.718,3.9881
6.8091,11.861,3.9881
6.8823,15.888,3.9881
6.9555,14.643,3.9881
7.1019,16.766,3.9881
7.2484,25.992,3.9881
7.5412,12.227,3.9881
8.4198,7.8341,3.9881
8.7859,10.909,3.9881
9.2252,18.963,3.9881
9.6645,9.3716,3.9881
10.25,8.6395,3.9881
14.497,17.938,3.9881
15.156,7.6144,3.9881
16.693,24.747,3.9881
17.938,24.088,3.9881
18.67,22.917,3.9881
19.256,20.208,3.9881
19.256,22.55,3.9881
2.05,23.356,3.9881
3.0751,14.936,3.9881
3.9536,13.325,3.9881
4.5394,15.449,3.9881
4.6858,10.031,3.9881
4.6858,16.327,3.9881
4.6858,23.795,3.9881
4.759,14.204,3.9881
4.759,19.695,3.9881
5.1251,25.333,3.9881
5.3447,9.4448,3.9881
5.3447,17.425,3.9881
5.418,16.107,3.9881
5.5644,16.766,3.9881
6.2233,15.082,3.9881
6.2966,9.0787,3.9881
6.6626,10.177,3.9881
6.7358,15.522,3.9881
6.7358,26.211,3.9881
6.9555,13.765,3.9881
7.5412,25.552,3.9881
7.6876,10.323,3.9881
7.6876,11.495,3.9881
8.6395,19.183,3.9881
9.0787,8.9323,3.9881
20.427,20.134,3.9881
2.8554,24.893,3.9881
4.4662,12.154,3.9881
4.6126,13.032,3.9881
4.6858,24.527,3.9881
4.8322,11.202,3.9881
4.9787,10.543,3.9881
5.1251,12.52,3.9881
5.2715,13.472,3.9881
5.6376,24.82,3.9881
5.8573,14.643,3.9881
6.0037,15.815,3.9881
6.2966,12.74,3.9881
8.4198,25.772,3.9881
8.493,25.04,3.9881
9.0055,25.552,3.9881
9.2984,19.475,3.9881
9.8841,18.89,3.9881
11.495,25.259,3.9881
12.081,6.5162,3.9881
18.084,23.649,3.9881
2.8554,17.059,3.9881
3.0751,13.765,3.9881
3.8072,25.406,3.9881
4.2465,14.716,3.9881
4.4662,25.552,3.9881
5.2715,27.529,3.9881
5.418,11.788,3.9881
5.7108,15.375,3.9881
5.9305,10.763,3.9881
6.1501,13.691,3.9881
6.1501,26.577,3.9881
6.2966,11.056,3.9881
6.443,27.09,3.9881
6.6626,14.35,3.9881
7.1019,26.577,3.9881
7.9073,7.9805,3.9881
8.7127,7.6144,3.9881
9.2252,25.918,3.9881
9.7377,28.261,3.9881
21.233,19.183,3.9881
2.7822,18.231,3.9881
2.8554,16.181,3.9881
3.2947,12.959,3.9881
4.1001,26.138,3.9881
4.3929,9.4448,3.9881
5.1983,26.358,3.9881
8.8591,26.358,3.9881
21.599,18.377,3.9881
4.1733,11.275,3.9881
8.4198,26.651,3.9881
11.275,6.9555,3.9881
12.74,20.647,3.9881
19.549,21.013,3.9881
21.891,17.352,3.9881
7.1751,12.813,3.9881
7.3216,14.204,3.9881
7.6144,15.815,3.9881
7.6876,13.545,3.9881
7.7609,12.813,3.9881
7.9805,14.716,3.9881
8.1269,17.425,3.9881
8.2002,12.813,3.9881
8.2734,14.057,3.9881
8.2734,16.4,3.9881
8.5662,13.032,3.9881
8.5662,18.011,3.9881
8.5662,18.597,3.9881
8.6395,12.154,3.9881
8.7127,15.156,3.9881
8.7859,15.741,3.9881
8.7859,17.352,3.9881
8.9323,13.398,3.9881
8.9323,14.277,3.9881
8.9323,16.693,3.9881
9.0055,12.959,3.9881
9.2252,12.154,3.9881
9.2252,18.011,3.9881
9.4448,14.79,3.9881
9.518,17.059,3.9881
9.5913,13.618,3.9881
9.5913,15.302,3.9881
9.6645,18.231,3.9881
9.8109,13.179,3.9881
9.8841,12.3,3.9881
9.8841,14.497,3.9881
10.031,18.304,3.9881
10.031,18.67,3.9881
10.104,16.547,3.9881
10.25,12.74,3.9881
10.25,15.741,3.9881
10.397,13.765,3.9881
10.616,14.57,3.9881
10.689,16.547,3.9881
10.763,11.861,3.9881
10.763,13.179,3.9881
10.763,15.082,3.9881
10.836,17.718,3.9881
10.909,15.815,3.9881
10.982,13.838,3.9881
11.129,14.79,3.9881
11.129,17.425,3.9881
11.422,12.373,3.9881
11.422,14.057,3.9881
11.495,11.934,3.9881
11.495,16.034,3.9881
11.568,15.302,3.9881
11.568,16.693,3.9881
11.568,18.304,3.9881
11.641,17.572,3.9881
11.934,15.156,3.9881
12.007,12.3,3.9881
12.007,13.984,3.9881
12.081,14.423,3.9881
12.154,13.106,3.9881
12.227,16.254,3.9881
12.227,17.499,3.9881
12.373,12.593,3.9881
12.373,15.082,3.9881
12.52,16.62,3.9881
12.593,13.984,3.9881
12.593,15.741,3.9881
12.74,17.718,3.9881
12.813,11.641,3.9881
12.959,12.813,3.9881
12.959,14.936,3.9881
13.032,11.934,3.9881
13.179,13.765,3.9881
13.252,13.252,3.9881
13.325,15.229,3.9881
13.325,16.034,3.9881
13.472,16.84,3.9881
13.838,13.911,3.9881
13.838,17.499,3.9881
13.984,12.447,3.9881
13.984,14.423,3.9881
13.984,15.449,3.9881
14.057,13.252,3.9881
14.204,11.348,3.9881
14.35,12.081,3.9881
14.35,16.547,3.9881
14.643,14.131,3.9881
14.643,15.302,3.9881
14.863,15.888,3.9881
14.863,17.352,3.9881
14.936,14.936,3.9881
15.009,11.422,3.9881
15.009,11.934,3.9881
15.009,17.645,3.9881
15.229,12.373,3.9881
15.595,15.082,3.9881
15.668,13.545,3.9881
15.815,11.641,3.9881
15.888,16.254,3.9881
15.961,14.936,3.9881
16.034,12.007,3.9881
16.034,14.497,3.9881
16.034,17.352,3.9881
16.107,13.691,3.9881
16.254,13.472,3.9881
16.327,12.813,3.9881
16.4,10.763,3.9881
16.4,12.959,3.9881
16.4,15.961,3.9881
16.547,16.766,3.9881
16.62,15.668,3.9881
16.693,11.348,3.9881
16.693,14.497,3.9881
16.766,12.081,3.9881
16.986,13.398,3.9881
16.986,15.888,3.9881
17.059,16.547,3.9881
17.279,16.327,3.9881
17.352,15.449,3.9881
17.645,16.913,3.9881
17.718,11.129,3.9881
17.718,12.593,3.9881
17.718,13.838,3.9881
17.865,16.254,3.9881
17.938,12.081,3.9881
18.157,15.449,3.9881
18.231,14.204,3.9881
18.304,16.766,3.9881
18.524,12.813,3.9881
18.524,13.545,3.9881
18.816,14.716,3.9881
18.816,16.62,3.9881
19.183,15.449,3.9881
19.329,16.693,3.9881
13.545,13.838,5.405
3.8804,10.836,5.4574
3.9536,10.031,5.4574
6.2233,11.641,5.4574
12.154,20.574,5.4574
13.106,23.649,5.4574
7.9073,26.431,5.4574
9.3716,26.943,5.4574
9.7377,26.431,5.4574
10.836,5.6376,5.4574
11.495,22.258,5.4574
11.641,8.3466,5.4574
12.007,7.1019,5.4574
12.959,8.3466,5.4574
12.959,21.599,5.4574
13.472,21.159,5.4574
18.157,25.04,5.4574
18.231,24.454,5.4574
19.036,8.3466,5.4574
19.988,10.47,5.4574
3.5144,11.715,5.4574
7.9073,27.529,5.4574
8.6395,27.529,5.4574
10.177,25.699,5.4574
11.129,19.622,5.4574
11.275,22.917,5.4574
12.373,7.5412,5.4574
12.52,22.258,5.4574
12.593,9.0787,5.4574
12.593,22.99,5.4574
12.666,21.013,5.4574
14.643,19.475,5.4574
17.865,21.233,5.4574
4.9055,16.986,5.4574
6.7358,28.554,5.4574
7.0287,27.822,5.4574
10.47,26.724,5.4574
10.689,22.77,5.4574
11.056,25.625,5.4574
12.007,8.6395,5.4574
12.081,24.527,5.4574
12.227,21.745,5.4574
13.106,5.7108,5.4574
5.0519,27.163,5.4574
6.1501,27.968,5.4574
10.177,21.525,5.4574
10.543,20.134,5.4574
11.202,20.72,5.4574
11.202,21.306,5.4574
11.641,23.429,5.4574
14.716,20.866,5.4574
15.156,18.963,5.4574
15.815,17.865,5.4574
16.327,19.402,5.4574
17.352,17.791,5.4574
17.938,7.9805,5.4574
20.574,8.3466,5.4574
4.4662,26.577,5.4574
9.8841,28.115,5.4574
10.25,19.622,5.4574
10.763,22.111,5.4574
11.715,18.89,5.4574
11.715,20.94,5.4574
14.643,20.354,5.4574
15.082,7.468,5.4574
16.62,20.354,5.4574
17.425,7.9073,5.4574
3.2947,12.666,5.4574
5.5644,27.676,5.4574
7.9073,28.554,5.4574
10.177,27.456,5.4574
12.593,24.308,5.4574
14.35,6.6626,5.4574
14.643,7.2484,5.4574
16.547,7.9805,5.4574
16.766,17.572,5.4574
19.329,9.518,5.4574
20.354,11.788,5.4574
21.452,11.202,5.4574
2.4161,21.086,5.4574
12.154,9.2252,5.4574
12.74,23.942,5.4574
13.179,7.3216,5.4574
13.618,6.0769,5.4574
13.911,25.113,5.4574
15.522,20.208,5.4574
16.327,18.816,5.4574
16.84,18.45,5.4574
16.913,9.0055,5.4574
17.791,9.0787,5.4574
18.084,17.499,5.4574
18.377,8.2734,5.4574
19.768,9.8109,5.4574
20.574,9.7377,5.4574
21.013,10.323,5.4574
22.331,11.129,5.4574
3.0751,18.231,5.4574
10.909,24.454,5.4574
13.325,5.784,5.4574
15.449,21.745,5.4574
16.034,20.72,5.4574
18.963,17.645,5.4574
19.402,10.836,5.4574
19.549,12.227,5.4574
19.622,16.62,5.4574
20.647,12.227,5.4574
21.159,9.0055,5.4574
21.818,10.543,5.4574
21.818,11.568,5.4574
22.038,12.373,5.4574
22.258,16.693,5.4574
13.691,19.768,5.4574
14.643,19.768,5.4574
14.79,10.25,5.4574
15.815,9.2252,5.4574
16.766,9.6645,5.4574
17.206,22.404,5.4574
17.425,9.5913,5.4574
17.791,10.031,5.4574
18.377,8.8591,5.4574
19.183,8.3466,5.4574
19.768,11.495,5.4574
19.768,17.645,5.4574
20.281,9.0055,5.4574
20.647,11.495,5.4574
21.086,12.813,5.4574
21.525,9.7377,5.4574
23.063,12.886,5.4574
3.2947,21.379,5.4574
14.057,22.477,5.4574
15.449,10.104,5.4574
16.254,21.599,5.4574
16.913,21.891,5.4574
17.572,18.45,5.4574
18.816,9.9573,5.4574
19.475,12.959,5.4574
19.768,18.377,5.4574
22.038,17.279,5.4574
22.843,13.545,5.4574
2.4161,22.331,5.4574
4.9787,21.599,5.4574
6.0037,21.965,5.4574
9.3716,28.408,5.4574
12.227,5.1983,5.4574
12.227,19.915,5.4574
12.886,19.402,5.4574
13.545,10.763,5.4574
13.838,18.963,5.4574
14.277,20.5,5.4574
14.863,21.452,5.4574
15.082,22.55,5.4574
15.156,9.2984,5.4574
18.963,13.252,5.4574
20.427,13.106,5.4574
21.086,15.961,5.4574
21.818,14.643,5.4574
21.818,15.888,5.4574
22.77,11.861,5.4574
22.99,12.373,5.4574
3.5144,21.965,5.4574
5.1983,20.72,5.4574
5.418,19.988,5.4574
5.418,22.038,5.4574
8.4198,21.965,5.4574
9.8841,21.818,5.4574
10.397,5.9305,5.4574
10.763,23.502,5.4574
12.813,18.597,5.4574
13.691,20.647,5.4574
14.204,10.25,5.4574
14.277,7.3948,5.4574
14.277,8.3466,5.4574
14.277,9.2984,5.4574
14.716,10.836,5.4574
14.79,9.7377,5.4574
15.522,21.306,5.4574
15.888,23.136,5.4574
16.254,9.9573,5.4574
16.693,22.917,5.4574
18.231,18.743,5.4574
18.45,18.231,5.4574
19.841,13.838,5.4574
20.5,14.423,5.4574
20.793,15.082,5.4574
21.159,13.472,5.4574
21.306,14.497,5.4574
22.258,16.034,5.4574
3.0751,17.352,5.4574
3.2215,16.327,5.4574
4.6126,20.793,5.4574
4.759,22.77,5.4574
7.1751,20.208,5.4574
9.4448,23.722,5.4574
10.031,22.99,5.4574
11.348,10.836,5.4574
12.081,10.323,5.4574
13.179,10.47,5.4574
13.545,9.8109,5.4574
13.618,22.038,5.4574
13.765,23.649,5.4574
14.204,21.525,5.4574
14.277,18.377,5.4574
14.423,22.111,5.4574
14.716,6.6626,5.4574
14.936,23.063,5.4574
17.059,7.8341,5.4574
18.963,18.157,5.4574
19.036,12.52,5.4574
19.183,20.5,5.4574
19.256,14.057,5.4574
20.866,13.984,5.4574
21.525,13.252,5.4574
21.672,15.522,5.4574
22.77,14.79,5.4574
22.917,14.204,5.4574
2.7822,20.72,5.4574
2.9286,19.768,5.4574
3.1483,20.281,5.4574
3.5876,21.086,5.4574
4.2465,19.695,5.4574
4.9055,19.549,5.4574
5.8573,20.208,5.4574
6.6626,19.549,5.4574
7.9805,21.599,5.4574
8.2002,22.477,5.4574
8.8591,20.061,5.4574
8.9323,20.72,5.4574
9.152,8.493,5.4574
9.7377,19.988,5.4574
10.982,5.6376,5.4574
11.348,25.406,5.4574
11.641,9.152,5.4574
12.886,6.3698,5.4574
13.472,19.768,5.4574
13.984,6.0769,5.4574
14.35,23.795,5.4574
14.643,8.8591,5.4574
15.229,7.468,5.4574
15.229,8.7127,5.4574
15.888,7.9073,5.4574
15.961,24.6,5.4574
17.865,18.597,5.4574
18.524,19.256,5.4574
19.256,19.109,5.4574
19.841,14.863,5.4574
20.208,15.741,5.4574
2.4893,23.136,5.4574
3.2215,22.624,5.4574
3.5876,14.643,5.4574
3.8072,18.963,5.4574
3.9536,21.306,5.4574
4.3197,18.45,5.4574
6.0037,21.306,5.4574
6.5162,17.938,5.4574
6.5162,20.5,5.4574
6.7358,22.038,5.4574
7.0287,8.1269,5.4574
7.3948,18.084,5.4574
7.468,21.159,5.4574
7.8341,19.329,5.4574
8.1269,19.036,5.4574
10.177,23.649,5.4574
10.836,9.0787,5.4574
11.275,9.7377,5.4574
13.545,18.45,5.4574
14.35,24.674,5.4574
15.522,25.113,5.4574
17.499,23.063,5.4574
19.549,21.159,5.4574
19.915,17.938,5.4574
21.013,20.5,5.4574
21.233,17.499,5.4574
21.525,16.913,5.4574
21.965,18.011,5.4574
22.258,13.472,5.4574
22.331,16.913,5.4574
23.136,15.668,5.4574
3.0751,19.036,5.4574
3.2215,18.304,5.4574
3.8072,18.084,5.4574
3.8804,20.574,5.4574
4.4662,9.5913,5.4574
4.6126,20.281,5.4574
4.759,15.961,5.4574
4.9055,17.572,5.4574
5.7108,18.597,5.4574
6.0037,8.2002,5.4574
6.0037,19.329,5.4574
6.7358,21.233,5.4574
7.6876,24.674,5.4574
7.7609,20.354,5.4574
8.1269,19.915,5.4574
8.7127,19.402,5.4574
9.2252,11.202,5.4574
9.3716,10.177,5.4574
9.4448,22.477,5.4574
9.9573,11.275,5.4574
10.031,10.763,5.4574
10.177,9.2252,5.4574
10.25,7.468,5.4574
10.323,24.381,5.4574
10.763,10.177,5.4574
10.763,10.982,5.4574
12.886,19.915,5.4574
13.838,10.47,5.4574
15.156,24.015,5.4574
15.888,24.015,5.4574
16.766,23.722,5.4574
16.913,24.381,5.4574
18.524,20.134,5.4574
20.647,19.768,5.4574
20.793,17.791,5.4574
3.2947,25.113,5.4574
3.3679,15.302,5.4574
3.4411,24.088,5.4574
3.8804,11.129,5.4574
4.1001,16.766,5.4574
4.1733,15.009,5.4574
5.5644,23.429,5.4574
5.7108,22.99,5.4574
5.8573,8.7859,5.4574
6.5894,24.454,5.4574
6.6626,18.743,5.4574
7.1751,21.965,5.4574
7.2484,17.572,5.4574
7.8341,9.0055,5.4574
7.9073,11.202,5.4574
9.0055,18.963,5.4574
9.0055,23.063,5.4574
9.6645,9.9573,5.4574
9.7377,19.109,5.4574
11.275,7.5412,5.4574
12.593,10.982,5.4574
14.35,10.836,5.4574
18.084,24.015,5.4574
20.134,19.036,5.4574
20.72,18.45,5.4574
3.8804,16.327,5.4574
4.1001,25.845,5.4574
5.1983,16.327,5.4574
5.1983,22.99,5.4574
6.1501,17.718,5.4574
6.3698,22.404,5.4574
6.6626,23.502,5.4574
6.7358,16.254,5.4574
6.8091,9.152,5.4574
7.1019,16.693,5.4574
7.1751,22.624,5.4574
7.9805,12.007,5.4574
7.9805,24.088,5.4574
8.0537,8.4198,5.4574
8.6395,11.715,5.4574
8.6395,23.209,5.4574
9.152,24.161,5.4574
9.5913,6.8091,5.4574
10.031,7.9805,5.4574
10.397,8.4198,5.4574
10.836,25.772,5.4574
10.909,8.2002,5.4574
12.52,5.1251,5.4574
18.597,20.72,5.4574
20.061,13.325,5.4574
20.574,17.279,5.4574
3.6608,12.813,5.4574
4.3197,23.429,5.4574
5.418,9.9573,5.4574
5.8573,16.986,5.4574
6.2966,19.988,5.4574
7.1751,25.552,5.4574
7.2484,15.449,5.4574
8.4198,20.72,5.4574
8.8591,10.543,5.4574
9.0787,7.6144,5.4574
9.2252,8.6395,5.4574
9.8841,24.454,5.4574
11.495,6.3698,5.4574
12.154,19.402,5.4574
17.938,24.527,5.4574
18.304,7.7609,5.4574
19.622,19.549,5.4574
20.866,15.229,5.4574
2.709,23.868,5.4574
3.2947,16.693,5.4574
3.5876,23.722,5.4574
4.759,15.082,5.4574
5.0519,24.454,5.4574
5.1983,8.7127,5.4574
6.0037,9.8841,5.4574
6.0037,24.161,5.4574
6.6626,24.967,5.4574
6.8091,10.836,5.4574
7.0287,10.177,5.4574
7.1751,11.422,5.4574
7.9805,22.917,5.4574
7.9805,24.967,5.4574
8.5662,7.6876,5.4574
10.104,6.443,5.4574
18.084,20.647,5.4574
18.816,21.599,5.4574
19.109,22.404,5.4574
19.695,22.77,5.4574
20.281,17.645,5.4574
20.574,19.988,5.4574
21.379,14.131,5.4574
21.379,19.183,5.4574
2.5625,23.356,5.4574
3.9536,24.088,5.4574
5.1983,14.643,5.4574
5.3447,26.87,5.4574
5.418,13.984,5.4574
5.7108,15.815,5.4574
5.7108,25.186,5.4574
5.9305,12.593,5.4574
6.1501,11.641,5.4574
6.5162,15.522,5.4574
7.6144,10.543,5.4574
8.2002,9.8841,5.4574
8.8591,25.479,5.4574
9.0055,9.2252,5.4574
11.861,4.9787,5.4574
12.227,6.1501,5.4574
12.373,6.8091,5.4574
18.084,22.77,5.4574
20.061,20.427,5.4574
4.1733,25.186,5.4574
4.3929,24.454,5.4574
4.6126,26.284,5.4574
4.6858,14.497,5.4574
4.9055,9.152,5.4574
5.418,11.056,5.4574
5.6376,11.495,5.4574
6.0037,10.397,5.4574
6.2966,11.275,5.4574
6.3698,13.545,5.4574
7.1019,24.527,5.4574
9.518,7.2484,5.4574
12.886,7.1751,5.4574
3.3679,16.034,5.4574
4.3929,13.032,5.4574
4.8322,11.348,5.4574
4.9787,13.691,5.4574
6.1501,15.302,5.4574
6.3698,14.423,5.4574
6.5894,12.593,5.4574
6.6626,25.918,5.4574
6.8091,14.936,5.4574
6.8823,13.984,5.4574
19.622,22.038,5.4574
21.745,18.597,5.4574
3.734,13.765,5.4574
4.5394,10.104,5.4574
4.6858,9.6645,5.4574
4.8322,15.522,5.4574
5.3447,12.959,5.4574
5.418,12.227,5.4574
6.2233,26.284,5.4574
6.9555,26.724,5.4574
7.2484,12.227,5.4574
7.5412,27.09,5.4574
9.2984,25.04,5.4574
9.3716,26.284,5.4574
13.106,6.3698,5.4574
13.106,9.8109,5.4574
22.843,17.865,5.4574
3.5876,25.259,5.4574
4.0269,11.788,5.4574
4.759,13.179,5.4574
7.1751,25.918,5.4574
9.518,25.625,5.4574
9.8109,26.358,5.4574
12.007,6.8823,5.4574
19.622,15.082,5.4574
3.3679,17.718,5.4574
3.734,13.179,5.4574
4.8322,25.186,5.4574
6.3698,27.968,5.4574
8.5662,26.065,5.4574
10.25,25.699,5.4574
10.543,18.89,5.4574
11.422,5.418,5.4574
12.959,8.9323,5.4574
13.472,7.7609,5.4574
13.838,22.111,5.4574
16.474,25.918,5.4574
18.157,24.747,5.4574
7.0287,12.74,5.4574
7.3216,13.325,5.4574
7.3216,14.204,5.4574
7.6144,14.716,5.4574
7.6144,16.474,5.4574
7.6876,13.765,5.4574
7.9073,15.741,5.4574
8.0537,12.52,5.4574
8.1269,16.547,5.4574
8.1269,18.084,5.4574
8.2002,15.741,5.4574
8.2734,13.545,5.4574
8.3466,16.034,5.4574
8.493,18.304,5.4574
8.5662,14.57,5.4574
8.6395,13.691,5.4574
8.7859,12.3,5.4574
8.8591,13.838,5.4574
9.152,12.007,5.4574
9.152,17.718,5.4574
9.2252,13.325,5.4574
9.2252,14.79,5.4574
9.2984,16.986,5.4574
9.2984,18.304,5.4574
9.3716,12.813,5.4574
9.3716,15.375,5.4574
9.3716,16.181,5.4574
9.4448,13.984,5.4574
9.6645,12.154,5.4574
10.323,17.791,5.4574
10.397,12.959,5.4574
10.397,14.643,5.4574
10.397,16.181,5.4574
10.397,17.279,5.4574
10.47,12.373,5.4574
10.543,14.057,5.4574
10.909,13.472,5.4574
11.202,14.497,5.4574
11.202,18.084,5.4574
11.275,16.327,5.4574
11.348,13.032,5.4574
11.348,15.595,5.4574
11.348,17.499,5.4574
11.422,11.568,5.4574
11.568,14.57,5.4574
11.861,14.131,5.4574
11.861,16.547,5.4574
11.861,17.865,5.4574
12.081,15.449,5.4574
12.081,17.352,5.4574
12.154,13.252,5.4574
12.154,16.62,5.4574
12.3,11.568,5.4574
12.3,12.227,5.4574
12.373,15.082,5.4574
12.593,12.74,5.4574
12.593,14.204,5.4574
12.666,17.132,5.4574
12.813,15.009,5.4574
12.886,13.618,5.4574
12.886,15.888,5.4574
12.886,16.474,5.4574
13.106,11.275,5.4574
13.106,11.788,5.4574
13.179,15.522,5.4574
13.179,17.572,5.4574
13.325,14.423,5.4574
13.472,12.593,5.4574
13.472,13.179,5.4574
13.618,11.348,5.4574
13.618,12.007,5.4574
13.765,17.572,5.4574
13.838,15.375,5.4574
13.911,15.815,5.4574
13.984,13.032,5.4574
13.984,16.693,5.4574
14.131,16.986,5.4574
14.35,12.081,5.4574
14.35,14.131,5.4574
14.643,12.813,5.4574
14.643,13.765,5.4574
14.643,17.425,5.4574
14.716,16.547,5.4574
14.79,16.181,5.4574
14.863,12.447,5.4574
15.009,13.691,5.4574
15.009,15.082,5.4574
15.082,15.522,5.4574
15.302,17.059,5.4574
15.375,11.348,5.4574
15.522,12.959,5.4574
15.522,13.765,5.4574
15.522,14.643,5.4574
15.595,11.788,5.4574
15.668,10.836,5.4574
15.741,12.52,5.4574
15.741,13.106,5.4574
15.741,16.693,5.4574
15.888,15.595,5.4574
15.961,13.325,5.4574
16.034,14.79,5.4574
16.254,13.032,5.4574
16.327,14.131,5.4574
16.327,16.034,5.4574
16.474,11.788,5.4574
16.474,17.059,5.4574
16.693,13.545,5.4574
16.766,16.327,5.4574
16.766,16.4,5.4574
16.913,12.593,5.4574
16.986,11.934,5.4574
16.986,15.229,5.4574
17.059,10.763,5.4574
17.132,14.863,5.4574
17.279,11.715,5.4574
17.425,12.959,5.4574
17.499,14.35,5.4574
17.499,14.643,5.4574
17.718,13.691,5.4574
17.718,15.009,5.4574
17.718,16.181,5.4574
17.938,15.815,5.4574
18.084,12.52,5.4574
18.157,10.836,5.4574
18.157,16.327,5.4574
18.231,12.154,5.4574
18.231,13.325,5.4574
18.231,13.911,5.4574
18.377,14.863,5.4574
18.45,11.788,5.4574
18.524,13.911,5.4574
18.524,15.449,5.4574
18.743,15.961,5.4574
18.963,16.62,5.4574
10.104,18.377,5.5099
15.668,11.568,6.7693
3.8804,12.447,6.8218
5.0519,24.6,6.8218
6.2966,8.1269,6.8218
8.9323,26.504,6.8218
12.373,4.5394,6.8218
12.813,4.9055,6.8218
13.325,8.2734,6.8218
14.35,5.6376,6.8218
15.009,6.3698,6.8218
15.229,6.8823,6.8218
16.4,17.718,6.8218
3.8072,14.497,6.8218
5.4912,26.724,6.8218
5.6376,27.236,6.8218
12.373,8.1269,6.8218
13.691,5.0519,6.8218
20.866,20.354,6.8218
3.3679,18.45,6.8218
4.6126,26.065,6.8218
7.3216,27.456,6.8218
8.5662,27.017,6.8218
9.152,27.895,6.8218
10.104,28.188,6.8218
10.836,19.549,6.8218
12.959,22.331,6.8218
13.106,23.063,6.8218
13.325,20.647,6.8218
13.398,21.452,6.8218
14.057,22.55,6.8218
16.547,19.109,6.8218
21.233,9.9573,6.8218
4.1733,10.836,6.8218
8.493,27.456,6.8218
9.8109,26.943,6.8218
10.763,25.406,6.8218
10.909,20.134,6.8218
11.202,21.745,6.8218
11.348,18.67,6.8218
11.641,19.475,6.8218
12.081,22.404,6.8218
12.447,21.379,6.8218
12.593,20.427,6.8218
15.229,19.475,6.8218
15.888,19.988,6.8218
16.84,19.695,6.8218
17.132,20.793,6.8218
17.206,18.011,6.8218
18.157,9.5913,6.8218
20.354,10.104,6.8218
11.568,21.013,6.8218
12.154,21.672,6.8218
13.984,21.086,6.8218
15.668,18.743,6.8218
16.62,7.9073,6.8218
18.011,9.152,6.8218
18.67,9.5913,6.8218
19.329,12.666,6.8218
20.061,9.5913,6.8218
20.647,8.7859,6.8218
21.452,8.5662,6.8218
21.745,9.0787,6.8218
22.55,16.986,6.8218
23.649,15.302,6.8218
7.8341,28.481,6.8218
10.982,26.577,6.8218
11.422,22.331,6.8218
11.715,20.281,6.8218
11.788,21.452,6.8218
12.154,20.574,6.8218
12.154,23.429,6.8218
12.447,9.2252,6.8218
13.252,24.088,6.8218
13.984,21.818,6.8218
14.79,7.3216,6.8218
15.009,19.988,6.8218
16.107,8.6395,6.8218
17.938,17.352,6.8218
19.475,9.9573,6.8218
19.622,9.0787,6.8218
20.134,16.181,6.8218
21.086,11.422,6.8218
21.965,10.982,6.8218
22.624,10.982,6.8218
22.77,15.741,6.8218
4.1733,22.477,6.8218
10.836,21.452,6.8218
11.275,24.381,6.8218
11.715,25.625,6.8218
12.74,24.161,6.8218
15.229,20.793,6.8218
15.888,7.9805,6.8218
16.547,20.354,6.8218
16.62,7.1751,6.8218
17.279,21.452,6.8218
17.425,8.6395,6.8218
18.011,18.89,6.8218
18.084,7.3216,6.8218
21.086,9.3716,6.8218
22.038,9.6645,6.8218
22.258,10.25,6.8218
23.063,12.227,6.8218
10.689,20.72,6.8218
12.154,24.893,6.8218
12.227,7.6876,6.8218
13.398,8.9323,6.8218
14.057,24.088,6.8218
15.302,5.784,6.8218
15.741,6.9555,6.8218
16.986,9.2984,6.8218
17.645,9.518,6.8218
17.938,10.397,6.8218
18.743,11.422,6.8218
19.402,12.081,6.8218
19.695,10.982,6.8218
20.061,11.568,6.8218
20.061,16.547,6.8218
20.72,10.616,6.8218
21.452,12.154,6.8218
21.525,10.47,6.8218
3.9536,21.599,6.8218
5.3447,21.452,6.8218
9.0787,7.468,6.8218
9.0787,28.481,6.8218
12.373,24.381,6.8218
13.179,5.418,6.8218
13.838,20.5,6.8218
14.057,6.3698,6.8218
14.35,5.0519,6.8218
14.35,19.988,6.8218
14.57,6.7358,6.8218
15.082,10.689,6.8218
15.156,9.8841,6.8218
15.522,6.2966,6.8218
15.595,9.518,6.8218
16.034,9.152,6.8218
17.279,17.718,6.8218
18.011,18.011,6.8218
18.524,10.616,6.8218
19.329,17.425,6.8218
20.94,12.959,6.8218
21.745,13.032,6.8218
22.697,14.79,6.8218
22.917,13.545,6.8218
23.356,14.423,6.8218
4.759,21.306,6.8218
6.2233,27.749,6.8218
6.5894,7.9805,6.8218
8.1269,22.77,6.8218
10.982,22.477,6.8218
13.984,23.502,6.8218
14.936,21.306,6.8218
15.668,22.184,6.8218
16.107,21.379,6.8218
16.62,18.45,6.8218
16.693,21.086,6.8218
17.352,10.397,6.8218
17.499,10.031,6.8218
18.45,19.402,6.8218
19.402,9.518,6.8218
22.477,11.861,6.8218
22.917,16.474,6.8218
3.8072,14.79,6.8218
3.8804,22.477,6.8218
4.1733,18.743,6.8218
10.543,22.258,6.8218
10.616,6.0769,6.8218
12.447,18.743,6.8218
12.74,19.768,6.8218
13.252,19.256,6.8218
14.35,10.397,6.8218
14.497,10.982,6.8218
14.57,21.525,6.8218
14.79,10.177,6.8218
14.936,9.2984,6.8218
18.45,18.597,6.8218
18.89,17.865,6.8218
19.988,12.666,6.8218
20.134,14.716,6.8218
20.281,13.618,6.8218
21.086,16.4,6.8218
22.331,14.204,6.8218
3.2215,20.5,6.8218
4.3197,22.624,6.8218
4.5394,19.036,6.8218
9.9573,22.184,6.8218
11.275,5.6376,6.8218
13.252,4.759,6.8218
13.691,10.25,6.8218
13.911,9.518,6.8218
15.522,7.8341,6.8218
16.107,10.177,6.8218
16.693,9.8841,6.8218
16.913,22.55,6.8218
19.036,13.545,6.8218
19.036,19.036,6.8218
20.281,17.645,6.8218
20.72,16.84,6.8218
21.306,13.691,6.8218
21.525,15.741,6.8218
21.525,16.327,6.8218
21.891,8.5662,6.8218
22.331,11.348,6.8218
22.477,13.179,6.8218
22.55,12.447,6.8218
2.7822,22.697,6.8218
3.2215,22.184,6.8218
3.6608,16.4,6.8218
3.8072,18.157,6.8218
3.8804,20.94,6.8218
6.7358,17.352,6.8218
7.468,19.109,6.8218
10.25,20.354,6.8218
10.763,20.866,6.8218
11.568,9.8841,6.8218
11.715,9.0787,6.8218
13.106,10.763,6.8218
13.325,19.841,6.8218
13.984,19.622,6.8218
14.057,24.308,6.8218
14.57,6.3698,6.8218
14.79,23.722,6.8218
15.156,8.9323,6.8218
15.302,22.184,6.8218
15.449,18.45,6.8218
16.986,23.356,6.8218
17.572,22.477,6.8218
20.134,18.157,6.8218
20.866,14.35,6.8218
22.038,16.766,6.8218
22.258,15.815,6.8218
23.136,11.568,6.8218
3.6608,16.84,6.8218
4.5394,19.695,6.8218
5.1983,20.427,6.8218
7.468,21.818,6.8218
9.152,19.109,6.8218
9.3716,19.622,6.8218
9.518,11.861,6.8218
10.104,19.475,6.8218
10.397,22.99,6.8218
13.838,18.597,6.8218
14.423,22.477,6.8218
16.474,22.843,6.8218
16.693,23.722,6.8218
21.599,14.35,6.8218
21.818,15.156,6.8218
22.258,9.5913,6.8218
3.2947,19.988,6.8218
3.8072,19.915,6.8218
4.1733,23.356,6.8218
4.6858,20.281,6.8218
5.1251,16.766,6.8218
5.8573,20.574,6.8218
5.9305,21.525,6.8218
6.0769,18.45,6.8218
6.5162,21.086,6.8218
7.1751,24.527,6.8218
7.6876,7.9073,6.8218
9.3716,20.72,6.8218
9.9573,7.2484,6.8218
10.323,10.543,6.8218
10.543,11.275,6.8218
10.689,23.502,6.8218
11.202,11.202,6.8218
11.348,8.4198,6.8218
11.788,6.6626,6.8218
11.934,10.689,6.8218
12.447,24.454,6.8218
12.886,4.3197,6.8218
14.716,24.308,6.8218
15.522,23.429,6.8218
16.254,24.381,6.8218
18.157,23.136,6.8218
18.743,20.354,6.8218
19.183,20.061,6.8218
19.329,17.865,6.8218
20.208,15.229,6.8218
21.306,14.936,6.8218
21.672,17.791,6.8218
23.502,14.423,6.8218
4.6126,16.547,6.8218
4.9787,19.915,6.8218
5.1983,16.181,6.8218
6.3698,17.132,6.8218
6.443,21.891,6.8218
6.7358,21.379,6.8218
6.8823,17.938,6.8218
7.6876,17.572,6.8218
8.3466,19.183,6.8218
8.4198,19.841,6.8218
8.5662,9.2984,6.8218
8.5662,20.647,6.8218
8.5662,21.379,6.8218
8.5662,24.015,6.8218
9.4448,10.763,6.8218
9.8841,10.763,6.8218
10.031,11.495,6.8218
10.323,24.161,6.8218
10.689,9.152,6.8218
12.52,10.25,6.8218
16.107,25.113,6.8218
17.352,25.186,6.8218
17.425,24.308,6.8218
19.183,21.672,6.8218
19.695,14.057,6.8218
20.281,18.816,6.8218
20.72,18.377,6.8218
22.55,10.47,6.8218
3.5144,19.183,6.8218
4.3929,25.479,6.8218
4.6126,23.209,6.8218
4.9787,18.304,6.8218
5.418,17.425,6.8218
6.2233,20.5,6.8218
6.5162,8.5662,6.8218
6.8823,18.377,6.8218
6.8823,22.404,6.8218
7.5412,9.0055,6.8218
7.8341,9.518,6.8218
8.5662,8.5662,6.8218
8.8591,8.1269,6.8218
8.8591,21.891,6.8218
9.0055,22.99,6.8218
9.2984,7.468,6.8218
10.177,10.104,6.8218
10.25,18.67,6.8218
10.836,7.9805,6.8218
11.348,10.616,6.8218
11.934,7.468,6.8218
13.545,5.784,6.8218
15.449,22.99,6.8218
17.572,23.283,6.8218
17.645,18.084,6.8218
19.622,19.695,6.8218
19.695,21.013,6.8218
20.061,19.183,6.8218
20.94,18.89,6.8218
21.159,17.865,6.8218
21.379,17.206,6.8218
4.0269,14.131,6.8218
4.6858,17.791,6.8218
4.9055,14.79,6.8218
5.0519,19.402,6.8218
5.6376,8.6395,6.8218
6.0037,14.643,6.8218
6.5162,23.649,6.8218
6.9555,19.988,6.8218
7.3216,21.159,6.8218
7.9073,10.177,6.8218
7.9073,20.94,6.8218
8.2002,24.6,6.8218
8.7127,11.129,6.8218
9.2252,10.177,6.8218
9.5913,9.0055,6.8218
10.25,6.7358,6.8218
10.982,24.381,6.8218
12.154,5.3447,6.8218
18.89,21.159,6.8218
19.475,18.67,6.8218
19.768,21.525,6.8218
21.013,15.229,6.8218
4.4662,24.015,6.8218
5.418,15.741,6.8218
6.0037,19.841,6.8218
6.1501,23.136,6.8218
6.5162,16.327,6.8218
7.1019,23.356,6.8218
7.3216,16.4,6.8218
7.6876,22.624,6.8218
7.8341,20.061,6.8218
7.9073,10.982,6.8218
8.2734,20.208,6.8218
8.9323,9.8109,6.8218
9.2252,11.641,6.8218
9.8109,23.429,6.8218
10.25,8.9323,6.8218
10.763,19.183,6.8218
10.909,18.67,6.8218
10.909,20.866,6.8218
12.886,5.784,6.8218
13.911,5.8573,6.8218
17.279,23.795,6.8218
3.0018,22.697,6.8218
3.5876,19.549,6.8218
3.5876,23.136,6.8218
3.8804,15.961,6.8218
4.3197,18.524,6.8218
5.1251,9.2984,6.8218
5.1251,12.886,6.8218
5.2715,15.302,6.8218
6.2966,9.8841,6.8218
6.6626,9.152,6.8218
7.0287,15.375,6.8218
7.2484,14.716,6.8218
7.6144,9.8841,6.8218
12.813,6.3698,6.8218
15.522,5.2715,6.8218
20.208,6.0037,6.8218
21.013,19.695,6.8218
21.599,19.183,6.8218
22.258,18.157,6.8218
4.2465,12.886,6.8218
4.759,12.813,6.8218
5.4912,13.691,6.8218
5.5644,19.329,6.8218
6.0037,8.2002,6.8218
6.1501,13.691,6.8218
6.2966,15.668,6.8218
6.443,22.55,6.8218
6.7358,13.545,6.8218
6.8823,14.131,6.8218
7.3216,10.616,6.8218
7.6144,24.015,6.8218
8.0537,11.568,6.8218
13.398,6.5162,6.8218
16.107,6.6626,6.8218
16.254,23.649,6.8218
19.256,21.818,6.8218
19.622,22.404,6.8218
22.917,16.913,6.8218
3.5876,18.231,6.8218
3.8072,17.059,6.8218
5.0519,14.35,6.8218
5.5644,12.593,6.8218
5.6376,11.495,6.8218
5.784,9.4448,6.8218
6.0769,11.056,6.8218
6.1501,25.04,6.8218
6.2966,12.227,6.8218
6.5894,24.381,6.8218
7.3216,24.82,6.8218
7.9073,12.081,6.8218
9.4448,25.259,6.8218
13.984,7.3948,6.8218
19.988,22.111,6.8218
4.1001,14.716,6.8218
5.4912,24.234,6.8218
5.8573,10.543,6.8218
6.7358,12.52,6.8218
6.7358,14.936,6.8218
6.9555,12.007,6.8218
7.3948,11.275,6.8218
5.2715,10.982,6.8218
6.8823,11.275,6.8218
8.1269,26.577,6.8218
8.4198,25.113,6.8218
9.152,26.284,6.8218
9.8841,25.992,6.8218
10.47,25.845,6.8218
3.4411,23.942,6.8218
4.6126,10.689,6.8218
5.0519,9.8841,6.8218
7.3216,25.625,6.8218
8.493,25.918,6.8218
9.7377,24.82,6.8218
11.056,20.866,6.8218
11.202,25.113,6.8218
15.449,18.231,6.8218
15.815,6.1501,6.8218
20.574,8.0537,6.8218
21.379,7.9073,6.8218
7.2484,13.106,6.8218
7.3948,12.447,6.8218
7.8341,15.229,6.8218
7.8341,16.181,6.8218
7.9073,18.011,6.8218
7.9805,13.106,6.8218
7.9805,13.911,6.8218
8.1269,18.743,6.8218
8.4198,14.497,6.8218
8.5662,12.3,6.8218
8.5662,15.375,6.8218
8.5662,16.181,6.8218
8.6395,17.791,6.8218
8.7127,16.986,6.8218
8.8591,12.959,6.8218
8.8591,15.009,6.8218
8.9323,15.961,6.8218
8.9323,18.231,6.8218
9.0055,13.618,6.8218
9.0787,14.277,6.8218
9.2252,12.373,6.8218
9.5913,16.84,6.8218
9.5913,18.67,6.8218
9.7377,13.106,6.8218
9.7377,13.545,6.8218
9.8109,12.593,6.8218
9.8109,17.791,6.8218
9.9573,15.595,6.8218
10.25,12.227,6.8218
10.323,16.693,6.8218
10.323,18.084,6.8218
10.616,15.449,6.8218
10.689,14.57,6.8218
10.763,13.106,6.8218
10.763,17.572,6.8218
11.129,12.154,6.8218
11.129,13.765,6.8218
11.129,15.009,6.8218
11.495,13.398,6.8218
11.568,16.547,6.8218
11.568,17.865,6.8218
11.861,12.447,6.8218
11.934,17.279,6.8218
12.007,11.641,6.8218
12.007,15.888,6.8218
12.081,14.423,6.8218
12.373,16.62,6.8218
12.593,12.959,6.8218
12.593,15.082,6.8218
12.666,16.327,6.8218
12.886,11.495,6.8218
13.106,12.447,6.8218
13.106,15.741,6.8218
13.179,17.645,6.8218
13.252,16.181,6.8218
13.252,17.206,6.8218
13.398,13.545,6.8218
13.398,14.936,6.8218
13.472,11.422,6.8218
13.472,15.522,6.8218
13.765,12.447,6.8218
13.911,13.618,6.8218
13.911,17.425,6.8218
14.131,14.79,6.8218
14.204,13.106,6.8218
14.204,15.741,6.8218
14.35,16.547,6.8218
14.57,17.572,6.8218
14.643,11.715,6.8218
14.863,14.057,6.8218
15.082,12.373,6.8218
15.156,16.913,6.8218
15.229,16.181,6.8218
15.229,17.718,6.8218
15.375,15.156,6.8218
15.449,13.398,6.8218
15.449,17.132,6.8218
15.815,10.836,6.8218
15.815,14.131,6.8218
15.961,16.4,6.8218
16.034,11.715,6.8218
16.327,14.423,6.8218
16.4,15.302,6.8218
16.62,15.595,6.8218
16.766,12.886,6.8218
16.766,13.691,6.8218
16.766,17.059,6.8218
16.986,11.568,6.8218
16.986,13.179,6.8218
17.279,14.57,6.8218
17.352,12.52,6.8218
17.352,13.838,6.8218
17.425,15.961,6.8218
17.645,11.788,6.8218
17.645,15.668,6.8218
17.718,12.813,6.8218
17.791,14.204,6.8218
17.865,11.422,6.8218
17.938,15.302,6.8218
18.304,13.765,6.8218
18.597,11.934,6.8218
18.597,16.986,6.8218
18.67,13.106,6.8218
18.89,14.131,6.8218
19.402,16.474,6.8218
4.759,24.674,8.1337
7.0287,25.992,8.1337
7.3948,26.358,8.1337
8.0537,26.065,8.1337
10.763,25.186,8.1337
15.229,4.759,8.1337
18.743,15.741,8.1337
20.061,15.741,8.1337
20.354,6.7358,8.1337
20.72,9.518,8.1337
21.525,7.3948,8.1337
21.525,9.2252,8.1337
4.3929,12.447,8.1337
12.813,7.6144,8.1337
14.423,4.0269,8.1337
15.815,17.059,8.1337
16.034,16.4,8.1337
17.206,16.034,8.1337
18.963,16.254,8.1337
19.475,15.009,8.1337
19.768,8.2002,8.1337
23.283,16.034,8.1337
4.1733,13.765,8.1337
4.1733,24.893,8.1337
4.8322,25.625,8.1337
6.0769,26.284,8.1337
13.252,7.9805,8.1337
16.181,5.7108,8.1337
16.474,16.913,8.1337
18.67,7.9805,8.1337
19.695,15.961,8.1337
21.013,10.104,8.1337
21.818,9.6645,8.1337
22.038,10.177,8.1337
5.3447,26.358,8.1337
11.861,24.088,8.1337
13.984,4.5394,8.1337
13.984,21.379,8.1337
14.497,5.0519,8.1337
16.4,18.377,8.1337
19.036,9.0055,8.1337
19.256,8.2734,8.1337
19.549,9.7377,8.1337
20.061,10.177,8.1337
20.5,11.275,8.1337
4.4662,11.934,8.1337
11.788,21.818,8.1337
11.861,18.45,8.1337
12.52,23.209,8.1337
13.252,8.8591,8.1337
13.252,22.55,8.1337
13.618,22.99,8.1337
16.84,17.938,8.1337
17.206,16.474,8.1337
17.352,19.183,8.1337
17.645,10.104,8.1337
17.718,8.8591,8.1337
18.084,10.25,8.1337
18.67,9.5913,8.1337
18.963,10.616,8.1337
20.208,9.2984,8.1337
20.427,16.107,8.1337
11.568,19.622,8.1337
11.641,21.159,8.1337
12.3,22.624,8.1337
12.52,20.354,8.1337
12.813,21.159,8.1337
13.179,20.354,8.1337
13.325,9.3716,8.1337
15.302,6.7358,8.1337
16.327,8.2002,8.1337
16.327,8.6395,8.1337
16.547,7.1019,8.1337
16.62,9.8109,8.1337
16.913,17.499,8.1337
16.986,19.915,8.1337
18.743,10.177,8.1337
19.183,11.129,8.1337
19.329,7.7609,8.1337
22.331,9.3716,8.1337
3.6608,18.011,8.1337
11.422,19.036,8.1337
12.007,20.354,8.1337
12.3,19.768,8.1337
13.545,19.915,8.1337
15.229,11.495,8.1337
15.302,6.3698,8.1337
16.474,10.47,8.1337
16.474,20.134,8.1337
16.986,18.597,8.1337
17.059,9.5913,8.1337
17.718,17.279,8.1337
17.938,7.468,8.1337
18.157,16.913,8.1337
19.256,7.1019,8.1337
19.695,11.495,8.1337
19.988,6.3698,8.1337
21.233,11.348,8.1337
24.015,12.886,8.1337
5.1251,22.184,8.1337
11.129,20.72,8.1337
11.788,18.084,8.1337
12.52,18.084,8.1337
12.666,18.67,8.1337
15.375,9.9573,8.1337
15.668,19.402,8.1337
15.815,7.3216,8.1337
16.766,21.159,8.1337
17.425,11.129,8.1337
17.425,20.94,8.1337
18.011,16.254,8.1337
18.231,11.348,8.1337
19.036,11.788,8.1337
19.475,6.443,8.1337
19.549,17.425,8.1337
21.891,19.183,8.1337
22.038,11.495,8.1337
22.99,11.861,8.1337
22.99,15.302,8.1337
23.136,10.836,8.1337
8.2734,8.2002,8.1337
8.6395,7.9073,8.1337
11.715,22.917,8.1337
13.032,10.104,8.1337
15.375,9.0055,8.1337
16.181,9.4448,8.1337
18.743,17.059,8.1337
19.841,16.474,8.1337
19.988,12.373,8.1337
20.427,16.913,8.1337
20.5,11.788,8.1337
22.184,12.227,8.1337
23.136,12.886,8.1337
23.502,15.668,8.1337
4.4662,20.94,8.1337
12.081,9.8109,8.1337
12.52,6.0769,8.1337
12.74,9.5913,8.1337
14.716,10.323,8.1337
15.375,21.306,8.1337
15.668,10.47,8.1337
15.741,8.6395,8.1337
15.741,20.427,8.1337
18.304,17.572,8.1337
18.377,12.154,8.1337
20.793,13.545,8.1337
21.745,12.52,8.1337
22.258,7.6876,8.1337
22.697,10.909,8.1337
23.502,14.643,8.1337
11.422,22.184,8.1337
11.641,11.934,8.1337
12.666,9.152,8.1337
13.325,15.009,8.1337
13.691,10.616,8.1337
14.131,10.031,8.1337
14.643,11.422,8.1337
14.79,9.0055,8.1337
14.79,15.009,8.1337
14.863,19.841,8.1337
15.961,10.982,8.1337
17.645,10.689,8.1337
17.938,7.6876,8.1337
19.183,12.74,8.1337
19.402,13.398,8.1337
19.402,19.622,8.1337
21.599,16.693,8.1337
21.745,13.691,8.1337
22.331,12.886,8.1337
22.404,14.277,8.1337
22.55,11.641,8.1337
23.283,13.691,8.1337
3.8072,21.891,8.1337
4.759,22.258,8.1337
9.8841,18.524,8.1337
10.177,20.208,8.1337
10.836,9.7377,8.1337
11.275,8.6395,8.1337
11.715,7.3948,8.1337
12.52,5.418,8.1337
12.52,8.2734,8.1337
12.593,7.0287,8.1337
13.545,14.204,8.1337
13.984,5.1983,8.1337
14.863,20.647,8.1337
15.082,10.689,8.1337
20.281,13.545,8.1337
20.647,12.959,8.1337
20.793,17.352,8.1337
21.233,14.131,8.1337
21.525,17.791,8.1337
22.843,14.35,8.1337
23.283,16.474,8.1337
23.502,13.179,8.1337
4.2465,15.815,8.1337
6.0769,20.94,8.1337
8.0537,17.059,8.1337
8.2734,8.4198,8.1337
8.2734,23.283,8.1337
8.7127,10.397,8.1337
9.0787,19.402,8.1337
9.5913,22.624,8.1337
10.25,15.229,8.1337
10.763,8.2734,8.1337
10.763,21.306,8.1337
10.836,7.1751,8.1337
10.982,5.784,8.1337
12.081,15.229,8.1337
13.106,12.813,8.1337
13.472,5.2715,8.1337
13.765,12.154,8.1337
13.838,4.1001,8.1337
13.911,19.109,8.1337
14.131,4.6858,8.1337
14.35,9.4448,8.1337
14.57,18.67,8.1337
14.716,15.888,8.1337
14.863,18.157,8.1337
15.082,8.4198,8.1337
17.206,12.666,8.1337
17.865,12.447,8.1337
18.67,13.325,8.1337
19.109,18.67,8.1337
19.768,13.691,8.1337
22.111,16.107,8.1337
22.331,15.009,8.1337
22.55,16.547,8.1337
22.77,13.252,8.1337
3.5876,21.306,8.1337
5.1983,22.477,8.1337
6.2966,21.599,8.1337
9.7377,17.865,8.1337
10.031,16.62,8.1337
10.104,22.331,8.1337
10.47,9.152,8.1337
10.909,11.788,8.1337
11.056,10.909,8.1337
11.495,17.059,8.1337
11.788,11.422,8.1337
12.007,8.0537,8.1337
12.081,11.129,8.1337
12.373,17.059,8.1337
12.593,10.616,8.1337
12.813,11.788,8.1337
13.398,9.7377,8.1337
13.618,13.545,8.1337
13.838,15.668,8.1337
13.911,16.254,8.1337
14.057,14.423,8.1337
16.107,11.641,8.1337
18.377,15.156,8.1337
19.329,17.572,8.1337
19.841,18.377,8.1337
21.159,16.693,8.1337
21.818,14.57,8.1337
22.55,17.791,8.1337
23.283,10.25,8.1337
5.1251,18.67,8.1337
5.6376,16.4,8.1337
5.8573,19.036,8.1337
7.1751,8.2002,8.1337
8.493,9.2984,8.1337
8.7127,21.891,8.1337
8.8591,18.743,8.1337
8.9323,22.477,8.1337
9.2984,19.109,8.1337
9.5913,8.2734,8.1337
9.8109,11.275,8.1337
10.25,10.763,8.1337
10.323,7.0287,8.1337
10.397,21.965,8.1337
10.543,11.202,8.1337
11.568,5.7108,8.1337
11.641,10.616,8.1337
12.3,14.57,8.1337
12.959,11.422,8.1337
13.325,18.597,8.1337
13.398,11.275,8.1337
13.398,16.693,8.1337
14.057,13.398,8.1337
14.277,15.229,8.1337
14.643,17.206,8.1337
14.863,16.474,8.1337
15.229,13.838,8.1337
15.375,13.325,8.1337
15.668,16.254,8.1337
16.62,13.325,8.1337
17.206,13.398,8.1337
17.938,13.765,8.1337
18.377,13.765,8.1337
20.5,17.865,8.1337
4.0269,19.549,8.1337
4.4662,19.768,8.1337
5.4912,19.988,8.1337
6.443,13.398,8.1337
7.0287,21.159,8.1337
8.4198,8.7127,8.1337
8.493,22.258,8.1337
8.9323,12.227,8.1337
9.2252,16.986,8.1337
9.8109,19.475,8.1337
9.8841,10.104,8.1337
9.9573,12.227,8.1337
10.25,12.886,8.1337
11.202,15.815,8.1337
11.568,14.936,8.1337
11.641,13.545,8.1337
11.934,16.327,8.1337
12.593,13.325,8.1337
12.886,16.4,8.1337
13.032,17.425,8.1337
13.252,13.691,8.1337
15.156,17.206,8.1337
15.815,14.863,8.1337
16.107,13.984,8.1337
16.913,14.204,8.1337
19.183,14.497,8.1337
23.209,17.132,8.1337
4.3929,22.77,8.1337
4.5394,23.649,8.1337
4.6126,18.011,8.1337
4.9787,23.136,8.1337
6.0769,22.55,8.1337
6.8823,19.915,8.1337
7.468,18.231,8.1337
7.5412,8.7127,8.1337
9.2984,16.034,8.1337
9.2984,21.672,8.1337
11.422,18.304,8.1337
12.3,15.302,8.1337
12.52,12.52,8.1337
12.593,15.815,8.1337
23.795,11.641,8.1337
5.2715,17.352,8.1337
5.5644,15.082,8.1337
6.3698,16.986,8.1337
6.7358,18.011,8.1337
7.2484,21.965,8.1337
7.6876,22.184,8.1337
7.8341,21.452,8.1337
8.3466,15.815,8.1337
8.493,17.791,8.1337
8.7127,10.543,8.1337
9.0787,11.568,8.1337
9.2252,20.134,8.1337
9.2984,18.157,8.1337
9.4448,8.5662,8.1337
9.518,9.2252,8.1337
9.9573,7.6144,8.1337
10.177,11.715,8.1337
10.323,13.765,8.1337
10.982,12.593,8.1337
11.129,14.57,8.1337
11.202,19.036,8.1337
13.032,15.302,8.1337
13.252,12.373,8.1337
13.325,4.1733,8.1337
15.009,12.52,8.1337
17.865,14.497,8.1337
4.2465,16.62,8.1337
4.9787,17.791,8.1337
5.2715,14.497,8.1337
5.4912,19.549,8.1337
5.8573,15.449,8.1337
5.8573,17.206,8.1337
5.9305,8.7859,8.1337
6.6626,7.9805,8.1337
6.6626,9.2252,8.1337
6.7358,16.181,8.1337
7.468,19.256,8.1337
7.5412,9.2984,8.1337
7.8341,16.474,8.1337
7.9073,21.013,8.1337
8.1269,10.763,8.1337
8.493,20.793,8.1337
8.5662,14.131,8.1337
8.5662,19.768,8.1337
9.4448,14.497,8.1337
9.7377,20.647,8.1337
9.8841,15.082,8.1337
10.543,14.57,8.1337
10.543,18.89,8.1337
10.689,17.352,8.1337
10.909,18.231,8.1337
11.275,6.3698,8.1337
16.107,4.6858,8.1337
16.62,5.418,8.1337
4.0269,18.89,8.1337
4.1733,17.865,8.1337
4.9787,11.129,8.1337
6.0769,18.597,8.1337
6.2966,8.493,8.1337
6.6626,11.788,8.1337
6.9555,9.8109,8.1337
7.3216,11.275,8.1337
7.468,14.204,8.1337
7.468,15.082,8.1337
7.9073,19.036,8.1337
8.6395,14.863,8.1337
9.6645,13.984,8.1337
9.9573,18.67,8.1337
11.422,17.572,8.1337
11.568,5.8573,8.1337
13.179,6.7358,8.1337
13.984,5.8573,8.1337
18.597,14.057,8.1337
3.734,22.258,8.1337
4.5394,15.741,8.1337
4.759,11.861,8.1337
7.8341,12.959,8.1337
7.9073,12.081,8.1337
7.9805,10.25,8.1337
9.4448,12.52,8.1337
9.518,13.398,8.1337
14.936,3.5876,8.1337
4.4662,15.082,8.1337
5.784,10.177,8.1337
6.8823,14.497,8.1337
6.8823,15.375,8.1337
7.3216,13.106,8.1337
7.468,15.815,8.1337
7.5412,10.543,8.1337
7.9073,14.35,8.1337
7.9805,13.472,8.1337
8.493,12.447,8.1337
8.6395,11.788,8.1337
13.545,6.0037,8.1337
4.6858,13.984,8.1337
5.5644,18.963,8.1337
5.784,15.082,8.1337
6.0769,10.763,8.1337
6.0769,13.252,8.1337
6.2233,14.204,8.1337
6.3698,11.129,8.1337
6.6626,13.545,8.1337
6.9555,12.3,8.1337
14.643,6.7358,8.1337
17.059,6.0037,8.1337
19.402,7.8341,8.1337
20.94,7.0287,8.1337
21.525,7.6144,8.1337
22.111,7.7609,8.1337
5.0519,11.348,9.2356
5.7108,12.886,9.2356
5.8573,9.3716,9.2356
14.057,7.9805,9.2356
15.522,5.4912,9.2356
16.474,6.0037,9.2356
4.6126,13.472,9.2356
5.2715,10.47,9.2356
6.3698,12.3,9.2356
8.7859,13.325,9.2356
16.4,16.034,9.2356
20.208,15.888,9.2356
21.159,8.3466,9.2356
5.4912,12.52,9.2356
14.423,7.8341,9.2356
17.499,8.4198,9.2356
17.572,7.3948,9.2356
22.258,9.0055,9.2356
22.477,9.5913,9.2356
16.327,6.5894,9.2356
18.524,15.082,9.2356
19.109,15.082,9.2356
19.475,9.0787,9.2356
19.915,8.0537,9.2356
20.134,8.5662,9.2356
20.5,15.522,9.2356
4.9055,12.227,9.2356
11.422,7.1751,9.2356
16.62,4.9787,9.2356
17.645,16.327,9.2356
19.768,15.229,9.2356
14.057,8.2002,9.2356
15.302,3.734,9.2356
16.84,16.254,9.2356
18.89,11.056,9.2356
19.988,7.5412,9.2356
19.988,9.4448,9.2356
20.94,10.25,9.2356
16.84,9.0787,9.2356
17.718,15.815,9.2356
18.377,7.3948,9.2356
18.377,8.8591,9.2356
20.281,6.5894,9.2356
22.77,10.25,9.2356
23.283,8.8591,9.2356
5.1251,11.641,9.2356
12.227,7.468,9.2356
13.765,7.2484,9.2356
16.693,8.493,9.2356
17.865,9.2252,9.2356
18.89,7.9805,9.2356
19.402,10.177,9.2356
23.356,9.3716,9.2356
13.032,8.3466,9.2356
19.622,11.934,9.2356
19.841,11.056,9.2356
21.086,11.348,9.2356
23.136,11.495,9.2356
12.74,8.1269,9.2356
13.106,5.418,9.2356
13.911,16.4,9.2356
14.79,4.4662,9.2356
15.888,10.177,9.2356
16.327,6.8823,9.2356
17.132,9.5913,9.2356
17.206,10.47,9.2356
17.865,10.689,9.2356
17.938,9.5913,9.2356
18.231,11.129,9.2356
18.304,10.323,9.2356
18.597,9.8841,9.2356
20.427,12.007,9.2356
22.404,11.275,9.2356
23.868,12.886,9.2356
9.152,7.8341,9.2356
11.056,7.3948,9.2356
14.643,3.5144,9.2356
16.4,10.25,9.2356
16.547,10.763,9.2356
21.891,12.447,9.2356
21.965,12.886,9.2356
23.429,12.813,9.2356
23.649,11.641,9.2356
8.493,7.1751,9.2356
9.8109,7.7609,9.2356
14.716,10.031,9.2356
15.522,9.9573,9.2356
15.741,11.202,9.2356
18.597,11.348,9.2356
18.963,11.861,9.2356
19.622,12.373,9.2356
21.086,12.593,9.2356
22.697,12.081,9.2356
13.252,9.7377,9.2356
14.423,10.323,9.2356
15.156,11.202,9.2356
18.597,12.52,9.2356
20.793,13.032,9.2356
8.2002,8.2734,9.2356
9.0055,8.7127,9.2356
10.47,7.7609,9.2356
13.179,6.6626,9.2356
13.325,9.0787,9.2356
13.765,15.375,9.2356
13.838,9.6645,9.2356
14.277,7.6876,9.2356
14.79,10.836,9.2356
16.254,12.74,9.2356
16.62,11.715,9.2356
18.011,12.447,9.2356
18.377,13.911,9.2356
19.988,13.106,9.2356
9.4448,9.5913,9.2356
11.129,9.152,9.2356
11.348,8.6395,9.2356
11.934,8.3466,9.2356
12.373,11.202,9.2356
13.618,10.104,9.2356
13.765,12.3,9.2356
14.35,13.325,9.2356
14.716,12.007,9.2356
16.254,14.423,9.2356
16.547,13.472,9.2356
16.913,12.959,9.2356
