x,y,z
7.1751,12.813,3.9881
7.3216,14.204,3.9881
7.6144,15.815,3.9881
7.6876,13.545,3.9881
7.7609,12.813,3.9881
7.9805,14.716,3.9881
8.1269,17.425,3.9881
8.2002,12.813,3.9881
8.2734,14.057,3.9881
8.2734,16.4,3.9881
8.5662,13.032,3.9881
8.5662,18.011,3.9881
8.5662,18.597,3.9881
8.6395,12.154,3.9881
8.7127,15.156,3.9881
8.7859,15.741,3.9881
8.7859,17.352,3.9881
8.9323,13.398,3.9881
8.9323,14.277,3.9881
8.9323,16.693,3.9881
9.0055,12.959,3.9881
9.2252,12.154,3.9881
9.2252,18.011,3.9881
9.4448,14.79,3.9881
9.518,17.059,3.9881
9.5913,13.618,3.9881
9.5913,15.302,3.9881
9.6645,18.231,3.9881
9.8109,13.179,3.9881
9.8841,12.3,3.9881
9.8841,14.497,3.9881
10.031,18.304,3.9881
10.031,18.67,3.9881
10.104,16.547,3.9881
10.25,12.74,3.9881
10.25,15.741,3.9881
10.397,13.765,3.9881
10.616,14.57,3.9881
10.689,16.547,3.9881
10.763,11.861,3.9881
10.763,13.179,3.9881
10.763,15.082,3.9881
10.836,17.718,3.9881
10.909,15.815,3.9881
10.982,13.838,3.9881
11.129,14.79,3.9881
11.129,17.425,3.9881
11.422,12.373,3.9881
11.422,14.057,3.9881
11.495,11.934,3.9881
11.495,16.034,3.9881
11.568,15.302,3.9881
11.568,16.693,3.9881
11.568,18.304,3.9881
11.641,17.572,3.9881
11.934,15.156,3.9881
12.007,12.3,3.9881
12.007,13.984,3.9881
12.081,14.423,3.9881
12.154,13.106,3.9881
12.227,16.254,3.9881
12.227,17.499,3.9881
12.373,12.593,3.9881
12.373,15.082,3.9881
12.52,16.62,3.9881
12.593,13.984,3.9881
12.593,15.741,3.9881
12.74,17.718,3.9881
12.813,11.641,3.9881
12.959,12.813,3.9881
12.959,14.936,3.9881
13.032,11.934,3.9881
13.179,13.765,3.9881
13.252,13.252,3.9881
13.325,15.229,3.9881
13.325,16.034,3.9881
13.472,16.84,3.9881
13.838,13.911,3.9881
13.838,17.499,3.9881
13.984,12.447,3.9881
13.984,14.423,3.9881
13.984,15.449,3.9881
14.057,13.252,3.9881
14.204,11.348,3.9881
14.35,12.081,3.9881
14.35,16.547,3.9881
14.643,14.131,3.9881
14.643,15.302,3.9881
14.863,15.888,3.9881
14.863,17.352,3.9881
14.936,14.936,3.9881
15.009,11.422,3.9881
15.009,11.934,3.9881
15.009,17.645,3.9881
15.229,12.373,3.9881
15.595,15.082,3.9881
15.668,13.545,3.9881
15.815,11.641,3.9881
15.888,16.254,3.9881
15.961,14.936,3.9881
16.034,12.007,3.9881
16.034,14.497,3.9881
16.034,17.352,3.9881
16.107,13.691,3.9881
16.254,13.472,3.9881
16.327,12.813,3.9881
16.4,10.763,3.9881
16.4,12.959,3.9881
16.4,15.961,3.9881
16.547,16.766,3.9881
16.62,15.668,3.9881
16.693,11.348,3.9881
16.693,14.497,3.9881
16.766,12.081,3.9881
16.986,13.398,3.9881
16.986,15.888,3.9881
17.059,16.547,3.9881
17.279,16.327,3.9881
17.352,15.449,3.9881
17.645,16.913,3.9881
17.718,11.129,3.9881
17.718,12.593,3.9881
17.718,13.838,3.9881
17.865,16.254,3.9881
17.938,12.081,3.9881
18.157,15.449,3.9881
18.231,14.204,3.9881
18.304,16.766,3.9881
18.524,12.813,3.9881
18.524,13.545,3.9881
18.816,14.716,3.9881
18.816,16.62,3.9881
19.183,15.449,3.9881
19.329,16.693,3.9881
13.545,13.838,5.405
7.0287,12.74,5.4574
7.3216,13.325,5.4574
7.3216,14.204,5.4574
7.6144,14.716,5.4574
7.6144,16.474,5.4574
7.6876,13.765,5.4574
7.9073,15.741,5.4574
8.0537,12.52,5.4574
8.1269,16.547,5.4574
8.1269,18.084,5.4574
8.2002,15.741,5.4574
8.2734,13.545,5.4574
8.3466,16.034,5.4574
8.493,18.304,5.4574
8.5662,14.57,5.4574
8.6395,13.691,5.4574
8.7859,12.3,5.4574
8.8591,13.838,5.4574
9.152,12.007,5.4574
9.152,17.718,5.4574
9.2252,13.325,5.4574
9.2252,14.79,5.4574
9.2984,16.986,5.4574
9.2984,18.304,5.4574
9.3716,12.813,5.4574
9.3716,15.375,5.4574
9.3716,16.181,5.4574
9.4448,13.984,5.4574
9.6645,12.154,5.4574
10.323,17.791,5.4574
10.397,12.959,5.4574
10.397,14.643,5.4574
10.397,16.181,5.4574
10.397,17.279,5.4574
10.47,12.373,5.4574
10.543,14.057,5.4574
10.909,13.472,5.4574
11.202,14.497,5.4574
11.202,18.084,5.4574
11.275,16.327,5.4574
11.348,13.032,5.4574
11.348,15.595,5.4574
11.348,17.499,5.4574
11.422,11.568,5.4574
11.568,14.57,5.4574
11.861,14.131,5.4574
11.861,16.547,5.4574
11.861,17.865,5.4574
12.081,15.449,5.4574
12.081,17.352,5.4574
12.154,13.252,5.4574
12.154,16.62,5.4574
12.3,11.568,5.4574
12.3,12.227,5.4574
12.373,15.082,5.4574
12.593,12.74,5.4574
12.593,14.204,5.4574
12.666,17.132,5.4574
12.813,15.009,5.4574
12.886,13.618,5.4574
12.886,15.888,5.4574
12.886,16.474,5.4574
13.106,11.275,5.4574
13.106,11.788,5.4574
13.179,15.522,5.4574
13.179,17.572,5.4574
13.325,14.423,5.4574
13.472,12.593,5.4574
13.472,13.179,5.4574
13.618,11.348,5.4574
13.618,12.007,5.4574
13.765,17.572,5.4574
13.838,15.375,5.4574
13.911,15.815,5.4574
13.984,13.032,5.4574
13.984,16.693,5.4574
14.131,16.986,5.4574
14.35,12.081,5.4574
14.35,14.131,5.4574
14.643,12.813,5.4574
14.643,13.765,5.4574
14.643,17.425,5.4574
14.716,16.547,5.4574
14.79,16.181,5.4574
14.863,12.447,5.4574
15.009,13.691,5.4574
15.009,15.082,5.4574
15.082,15.522,5.4574
15.302,17.059,5.4574
15.375,11.348,5.4574
15.522,12.959,5.4574
15.522,13.765,5.4574
15.522,14.643,5.4574
15.595,11.788,5.4574
15.668,10.836,5.4574
15.741,12.52,5.4574
15.741,13.106,5.4574
15.741,16.693,5.4574
15.888,15.595,5.4574
15.961,13.325,5.4574
16.034,14.79,5.4574
16.254,13.032,5.4574
16.327,14.131,5.4574
16.327,16.034,5.4574
16.474,11.788,5.4574
16.474,17.059,5.4574
16.693,13.545,5.4574
16.766,16.327,5.4574
16.766,16.4,5.4574
16.913,12.593,5.4574
16.986,11.934,5.4574
16.986,15.229,5.4574
17.059,10.763,5.4574
17.132,14.863,5.4574
17.279,11.715,5.4574
17.425,12.959,5.4574
17.499,14.35,5.4574
17.499,14.643,5.4574
17.718,13.691,5.4574
17.718,15.009,5.4574
17.718,16.181,5.4574
17.938,15.815,5.4574
18.084,12.52,5.4574
18.157,10.836,5.4574
18.157,16.327,5.4574
18.231,12.154,5.4574
18.231,13.325,5.4574
18.231,13.911,5.4574
18.377,14.863,5.4574
18.45,11.788,5.4574
18.524,13.911,5.4574
18.524,15.449,5.4574
18.743,15.961,5.4574
18.963,16.62,5.4574
10.104,18.377,5.5099
15.668,11.568,6.7693
7.2484,13.106,6.8218
7.3948,12.447,6.8218
7.8341,15.229,6.8218
7.8341,16.181,6.8218
7.9073,18.011,6.8218
7.9805,13.106,6.8218
7.9805,13.911,6.8218
8.1269,18.743,6.8218
8.4198,14.497,6.8218
8.5662,12.3,6.8218
8.5662,15.375,6.8218
8.5662,16.181,6.8218
8.6395,17.791,6.8218
8.7127,16.986,6.8218
8.8591,12.959,6.8218
8.8591,15.009,6.8218
8.9323,15.961,6.8218
8.9323,18.231,6.8218
9.0055,13.618,6.8218
9.0787,14.277,6.8218
9.2252,12.373,6.8218
9.5913,16.84,6.8218
9.5913,18.67,6.8218
9.7377,13.106,6.8218
9.7377,13.545,6.8218
9.8109,12.593,6.8218
9.8109,17.791,6.8218
9.9573,15.595,6.8218
10.25,12.227,6.8218
10.323,16.693,6.8218
10.323,18.084,6.8218
10.616,15.449,6.8218
10.689,14.57,6.8218
10.763,13.106,6.8218
10.763,17.572,6.8218
11.129,12.154,6.8218
11.129,13.765,6.8218
11.129,15.009,6.8218
11.495,13.398,6.8218
11.568,16.547,6.8218
11.568,17.865,6.8218
11.861,12.447,6.8218
11.934,17.279,6.8218
12.007,11.641,6.8218
12.007,15.888,6.8218
12.081,14.423,6.8218
12.373,16.62,6.8218
12.593,12.959,6.8218
12.593,15.082,6.8218
12.666,16.327,6.8218
12.886,11.495,6.8218
13.106,12.447,6.8218
13.106,15.741,6.8218
13.179,17.645,6.8218
13.252,16.181,6.8218
13.252,17.206,6.8218
13.398,13.545,6.8218
13.398,14.936,6.8218
13.472,11.422,6.8218
13.472,15.522,6.8218
13.765,12.447,6.8218
13.911,13.618,6.8218
13.911,17.425,6.8218
14.131,14.79,6.8218
14.204,13.106,6.8218
14.204,15.741,6.8218
14.35,16.547,6.8218
14.57,17.572,6.8218
14.643,11.715,6.8218
14.863,14.057,6.8218
15.082,12.373,6.8218
15.156,16.913,6.8218
15.229,16.181,6.8218
15.229,17.718,6.8218
15.375,15.156,6.8218
15.449,13.398,6.8218
15.449,17.132,6.8218
15.815,10.836,6.8218
15.815,14.131,6.8218
15.961,16.4,6.8218
16.034,11.715,6.8218
16.327,14.423,6.8218
16.4,15.302,6.8218
16.62,15.595,6.8218
16.766,12.886,6.8218
16.766,13.691,6.8218
16.766,17.059,6.8218
16.986,11.568,6.8218
16.986,13.179,6.8218
17.279,14.57,6.8218
17.352,12.52,6.8218
17.352,13.838,6.8218
17.425,15.961,6.8218
17.645,11.788,6.8218
17.645,15.668,6.8218
17.718,12.813,6.8218
17.791,14.204,6.8218
17.865,11.422,6.8218
17.938,15.302,6.8218
18.304,13.765,6.8218
18.597,11.934,6.8218
18.597,16.986,6.8218
18.67,13.106,6.8218
18.89,14.131,6.8218
19.402,16.474,6.8218
