x,y,z
66,368,41
85,350,41
89,369,41
104,386,41
118,368,41
135,403,41
160,337,41
164,383,41
168,366,41
170,393,41
181,388,41
185,366,41
202,352,41
235,351,41
242,349,41
269,176,41
92,326,41
97,353,41
113,352,41
119,352,41
167,318,41
173,325,41
185,328,41
205,244,41
88,376,41
101,338,41
129,336,41
161,391,41
188,266,41
210,368,41
301,168,41
303,190,41
87,361,41
95,343,41
96,361,41
98,373,41
105,327,41
114,320,41
117,313,41
125,330,41
150,394,41
168,311,41
171,404,41
179,249,41
193,276,41
197,250,41
230,357,41
241,226,41
78,338,41
111,325,41
139,362,41
155,413,41
162,328,41
173,299,41
179,312,41
117,402,41
168,292,41
186,246,41
288,195,41
289,176,41
293,168,41
297,201,41
304,206,41
317,192,41
356,78,41
89,330,41
101,320,41
105,312,41
168,270,41
177,264,41
186,259,41
196,295,41
203,204,41
248,320,41
251,338,41
281,171,41
305,223,41
309,175,41
94,317,41
161,264,41
179,285,41
185,282,41
198,315,41
210,280,41
219,299,41
234,174,41
267,186,41
272,198,41
281,178,41
285,207,41
309,213,41
187,305,41
201,281,41
204,316,41
212,318,41
236,165,41
257,179,41
261,204,41
275,187,41
291,142,41
331,122,41
343,104,41
175,299,41
186,297,41
204,291,41
204,302,41
220,276,41
234,273,41
249,194,41
264,169,41
267,215,41
288,215,41
301,215,41
332,110,41
345,90,41
347,79,41
47,362,41
172,403,41
220,290,41
229,279,41
233,299,41
234,290,41
240,282,41
241,264,41
243,180,41
245,188,41
273,214,41
286,190,41
306,168,41
147,413,41
176,292,41
219,265,41
224,307,41
238,186,41
245,216,41
250,306,41
284,125,41
285,224,41
292,232,41
320,92,41
352,85,41
107,296,41
180,395,41
202,376,41
228,186,41
231,196,41
256,171,41
257,214,41
257,331,41
304,227,41
312,133,41
324,126,41
329,140,41
331,88,41
341,70,41
214,290,41
230,268,41
232,205,41
245,205,41
252,275,41
261,223,41
273,229,41
296,155,41
306,146,41
309,127,41
318,117,41
326,133,41
334,81,41
34,350,41
72,358,41
131,403,41
132,275,41
177,298,41
224,215,41
228,330,41
232,219,41
238,312,41
252,338,41
254,202,41
289,148,41
291,133,41
291,158,41
311,120,41
322,101,41
328,105,41
62,357,41
206,363,41
223,207,41
232,306,41
243,345,41
270,127,41
277,146,41
303,137,41
314,86,41
324,73,41
52,325,41
54,348,41
74,349,41
77,384,41
85,386,41
96,403,41
97,416,41
110,402,41
195,167,41
216,306,41
249,231,41
256,222,41
259,158,41
274,121,41
277,158,41
281,137,41
307,90,41
315,109,41
316,126,41
337,72,41
57,332,41
77,397,41
95,387,41
102,392,41
142,385,41
218,323,41
220,198,41
228,229,41
228,245,41
228,358,41
234,325,41
246,169,41
259,317,41
261,233,41
267,139,41
292,143,41
297,115,41
300,107,41
307,100,41
322,86,41
50,340,41
53,359,41
64,350,41
68,341,41
80,412,41
184,182,41
196,234,41
219,216,41
225,136,41
228,345,41
241,228,41
243,330,41
258,128,41
258,326,41
262,125,41
274,107,41
276,134,41
284,117,41
287,237,41
301,83,41
301,121,41
305,111,41
43,310,41
47,322,41
55,318,41
82,292,41
91,402,41
92,376,41
99,275,41
108,239,41
109,277,41
113,251,41
121,401,41
138,259,41
139,269,41
139,370,41
152,218,41
152,350,41
182,367,41
187,339,41
196,374,41
198,363,41
206,327,41
210,343,41
217,332,41
232,149,41
234,245,41
246,225,41
252,141,41
263,148,41
264,117,41
270,111,41
276,241,41
287,109,41
298,97,41
309,160,41
310,74,41
318,181,41
333,132,41
38,321,41
43,285,41
43,336,41
66,305,41
66,379,41
80,245,41
85,261,41
86,281,41
88,396,41
94,233,41
122,264,41
145,237,41
147,259,41
150,254,41
151,377,41
155,328,41
159,350,41
169,193,41
175,380,41
210,168,41
216,230,41
217,237,41
232,338,41
242,250,41
247,127,41
260,165,41
284,94,41
286,103,41
294,87,41
299,74,41
31,313,41
68,279,41
70,298,41
70,314,41
74,263,41
82,269,41
96,266,41
101,254,41
104,369,41
107,264,41
118,371,41
127,227,41
128,394,41
131,378,41
133,225,41
137,350,41
140,244,41
143,232,41
147,244,41
148,345,41
157,244,41
170,201,41
196,329,41
202,344,41
205,300,41
206,372,41
211,215,41
213,242,41
213,352,41
216,252,41
218,340,41
231,165,41
236,236,41
236,345,41
239,135,41
246,150,41
255,249,41
319,195,41
32,301,41
33,341,41
53,281,41
59,363,41
70,272,41
88,253,41
91,425,41
116,286,41
122,231,41
124,241,41
125,355,41
127,274,41
130,203,41
131,260,41
137,253,41
139,391,41
145,387,41
147,332,41
156,381,41
165,343,41
166,212,41
168,386,41
170,224,41
173,183,41
176,358,41
185,195,41
185,213,41
185,350,41
187,229,41
188,329,41
189,219,41
190,367,41
195,344,41
204,176,41
204,224,41
215,265,41
220,141,41
223,161,41
224,148,41
241,159,41
243,154,41
244,342,41
315,165,41
39,293,41
50,289,41
57,301,41
68,262,41
68,365,41
76,299,41
90,273,41
95,288,41
100,383,41
102,362,41
113,213,41
113,297,41
116,378,41
125,365,41
125,376,41
129,344,41
134,331,41
137,214,41
150,394,41
153,387,41
154,183,41
160,222,41
165,375,41
172,368,41
173,374,41
177,160,41
177,210,41
181,328,41
198,352,41
207,140,41
221,350,41
224,172,41
231,175,41
233,124,41
234,136,41
253,334,41
260,102,41
309,61,41
355,77,41
28,295,41
39,285,41
52,274,41
58,267,41
60,278,41
63,290,41
77,279,41
77,429,41
92,305,41
111,271,41
115,265,41
118,221,41
141,197,41
147,191,41
150,228,41
150,270,41
154,209,41
155,403,41
159,214,41
159,233,41
159,339,41
160,200,41
162,182,41
164,366,41
165,169,41
168,403,41
172,362,41
173,346,41
176,393,41
178,352,41
180,225,41
182,172,41
198,186,41
198,212,41
199,192,41
205,160,41
206,217,41
208,150,41
212,203,41
214,151,41
214,194,41
231,158,41
243,109,41
87,312,41
103,352,41
107,285,41
111,327,41
114,343,41
120,320,41
121,352,41
133,370,41
157,248,41
159,260,41
169,253,41
172,246,41
178,237,41
184,388,41
195,204,41
197,148,41
204,248,41
206,264,41
215,132,41
68,292,41
91,329,41
91,340,41
97,293,41
100,316,41
103,340,41
110,310,41
110,318,41
119,328,41
121,402,41
148,183,41
165,382,41
174,176,41
174,333,41
179,165,41
183,259,41
189,155,41
193,135,41
193,247,41
201,138,41
203,184,41
217,172,41
228,356,41
255,94,41
38,279,41
69,420,41
77,311,41
90,320,41
115,337,41
150,405,41
159,271,41
163,327,41
167,243,41
167,267,41
168,321,41
168,333,41
172,312,41
180,302,41
183,143,41
183,279,41
191,277,41
192,256,41
197,177,41
280,81,41
299,50,41
299,181,41
307,50,41
314,192,41
52,373,41
95,374,41
101,325,41
102,373,41
124,310,41
136,328,41
160,165,41
165,261,41
169,275,41
171,294,41
180,246,41
217,189,41
268,239,41
296,174,41
310,204,41
316,203,41
93,344,41
97,365,41
100,302,41
178,263,41
192,130,41
193,162,41
283,28,41
309,220,41
76,320,41
82,337,41
98,338,41
132,152,41
171,266,41
175,132,41
198,276,41
221,297,41
283,169,41
297,197,41
321,191,41
355,87,41
172,283,67
186,312,67
191,122,67
209,300,67
212,371,67
233,62,67
258,40,67
290,198,67
292,191,67
307,214,67
324,144,67
348,95,67
351,106,67
121,403,67
144,159,67
185,282,67
195,303,67
197,296,67
205,291,67
225,289,67
226,189,67
266,41,67
270,166,67
296,161,67
341,77,67
347,113,67
347,119,67
44,239,67
90,208,67
93,172,67
108,156,67
136,161,67
169,138,67
191,112,67
192,313,67
206,312,67
218,277,67
218,289,67
227,276,67
236,281,67
257,31,67
270,182,67
282,198,67
286,181,67
288,205,67
293,211,67
296,226,67
354,70,67
117,146,67
136,129,67
177,122,67
179,288,67
179,295,67
188,295,67
211,279,67
238,296,67
240,185,67
249,32,67
249,182,67
256,202,67
261,182,67
274,193,67
280,227,67
286,216,67
299,156,67
302,232,67
337,100,67
337,111,67
46,226,67
79,427,67
80,351,67
231,186,67
239,198,67
249,305,67
265,201,67
285,238,67
286,41,67
320,133,67
324,115,67
330,103,67
96,155,67
104,414,67
221,269,67
241,310,67
244,28,67
248,263,67
248,317,67
262,212,67
276,57,67
280,219,67
291,221,67
314,141,67
347,73,67
94,373,67
109,139,67
221,309,67
237,267,67
242,288,67
247,201,67
259,309,67
260,192,67
266,221,67
268,176,67
271,213,67
278,211,67
296,133,67
312,154,67
316,148,67
321,107,67
330,126,67
337,88,67
343,85,67
346,124,67
19,289,67
197,172,67
226,198,67
247,246,67
252,219,67
286,115,67
292,112,67
296,144,67
308,124,67
309,136,67
318,122,67
321,158,67
330,84,67
50,207,67
101,215,67
105,410,67
113,193,67
240,323,67
251,107,67
256,232,67
258,264,67
263,225,67
267,235,67
277,127,67
280,120,67
301,116,67
304,83,67
308,114,67
310,145,67
314,111,67
319,94,67
326,91,67
333,73,67
33,319,67
36,328,67
63,335,67
94,198,67
101,224,67
107,391,67
115,405,67
125,236,67
140,400,67
170,126,67
227,263,67
236,300,67
247,207,67
250,338,67
251,45,67
264,319,67
270,139,67
274,162,67
276,107,67
276,237,67
279,65,67
281,147,67
284,134,67
285,53,67
288,84,67
291,104,67
306,107,67
50,323,67
61,349,67
70,408,67
97,186,67
205,336,67
232,336,67
234,256,67
240,347,67
244,98,67
246,228,67
250,57,67
255,94,67
258,51,67
259,327,67
268,42,67
275,43,67
277,135,67
281,44,67
283,156,67
289,122,67
311,71,67
314,81,67
322,57,67
73,338,67
75,236,67
76,380,67
84,394,67
91,383,67
93,394,67
95,425,67
96,227,67
101,204,67
102,405,67
113,314,67
120,398,67
149,380,67
198,325,67
221,253,67
225,59,67
228,213,67
231,353,67
238,47,67
241,80,67
242,91,67
243,217,67
244,106,67
244,132,67
247,169,67
252,129,67
256,62,67
261,105,67
265,146,67
266,110,67
268,122,67
276,58,67
281,90,67
284,76,67
287,97,67
292,45,67
307,96,67
41,328,67
52,246,67
56,341,67
66,232,67
70,358,67
79,343,67
83,382,67
89,412,67
90,403,67
103,199,67
106,179,67
110,216,67
117,223,67
135,167,67
138,360,67
147,324,67
162,398,67
200,348,67
211,62,67
215,66,67
217,133,67
219,330,67
222,74,67
228,131,67
232,326,67
233,113,67
235,104,67
238,135,67
238,165,67
245,161,67
247,324,67
257,86,67
263,125,67
264,100,67
265,85,67
270,64,67
271,38,67
296,81,67
299,67,67
354,62,67
357,74,67
32,289,67
34,311,67
38,303,67
42,293,67
59,280,67
60,360,67
62,384,67
67,390,67
71,350,67
71,376,67
72,323,67
87,222,67
88,285,67
101,264,67
114,169,67
119,216,67
124,201,67
126,261,67
142,174,67
148,181,67
152,241,67
156,181,67
163,183,67
170,366,67
182,381,67
188,345,67
192,348,67
194,354,67
203,357,67
207,345,67
210,245,67
214,213,67
215,352,67
222,229,67
224,261,67
225,138,67
225,347,67
234,67,67
234,231,67
237,58,67
242,65,67
242,237,67
248,153,67
252,118,67
253,145,67
255,77,67
255,246,67
259,134,67
266,59,67
289,69,67
300,74,67
311,64,67
45,308,67
54,257,67
56,371,67
59,313,67
65,342,67
75,222,67
75,272,67
77,262,67
78,420,67
88,236,67
101,211,67
104,253,67
113,236,67
114,206,67
118,176,67
120,183,67
124,373,67
126,165,67
130,199,67
134,224,67
134,259,67
136,191,67
139,236,67
154,340,67
155,254,67
157,398,67
162,333,67
164,344,67
171,337,67
182,316,67
198,166,67
198,340,67
214,237,67
218,103,67
220,161,67
222,94,67
222,243,67
222,337,67
227,104,67
230,160,67
234,122,67
234,247,67
235,147,67
238,337,67
240,226,67
249,71,67
261,253,67
264,165,67
265,155,67
275,76,67
287,63,67
36,256,67
36,279,67
41,287,67
42,264,67
43,276,67
53,280,67
59,379,67
62,320,67
64,270,67
66,279,67
67,290,67
74,252,67
74,297,67
76,286,67
82,279,67
89,267,67
91,256,67
93,246,67
99,242,67
104,272,67
107,240,67
108,381,67
113,283,67
114,197,67
125,227,67
129,238,67
129,308,67
132,274,67
133,162,67
133,347,67
137,339,67
138,215,67
141,385,67
142,251,67
143,258,67
145,243,67
145,267,67
146,218,67
147,345,67
157,215,67
159,375,67
170,169,67
171,195,67
171,210,67
175,174,67
177,371,67
178,244,67
178,358,67
179,346,67
186,363,67
190,196,67
190,331,67
195,366,67
200,153,67
200,204,67
202,186,67
205,91,67
210,223,67
212,136,67
213,340,67
213,365,67
214,125,67
215,115,67
215,326,67
223,115,67
224,236,67
229,127,67
234,174,67
241,112,67
253,41,67
256,169,67
257,303,67
275,84,67
316,53,67
328,174,67
34,270,67
41,241,67
56,291,67
62,296,67
70,307,67
77,370,67
90,294,67
97,278,67
103,288,67
111,188,67
115,267,67
115,274,67
116,253,67
117,294,67
120,247,67
123,285,67
125,302,67
129,364,67
136,371,67
144,194,67
148,190,67
153,193,67
153,224,67
155,163,67
163,164,67
173,310,67
176,335,67
187,227,67
190,212,67
191,187,67
193,219,67
200,121,67
200,233,67
200,249,67
209,158,67
210,100,67
213,261,67
215,149,67
218,199,67
241,176,67
245,340,67
319,176,67
28,295,67
44,254,67
57,239,67
61,306,67
70,247,67
70,366,67
107,260,67
120,263,67
121,367,67
121,401,67
122,340,67
124,243,67
134,378,67
137,323,67
139,330,67
140,367,67
143,201,67
143,349,67
152,330,67
157,202,67
161,212,67
161,246,67
161,261,67
164,201,67
170,380,67
171,225,67
178,329,67
179,163,67
179,198,67
181,211,67
188,245,67
199,78,67
201,373,67
202,128,67
204,136,67
205,206,67
206,183,67
207,108,67
207,263,67
210,369,67
213,82,67
214,358,67
218,188,67
218,347,67
222,172,67
229,88,67
314,161,67
326,185,67
46,269,67
46,338,67
53,246,67
54,275,67
60,253,67
61,375,67
82,210,67
96,336,67
105,302,67
115,306,67
117,312,67
119,334,67
122,270,67
128,374,67
134,313,67
148,235,67
152,259,67
157,381,67
164,229,67
174,154,67
175,394,67
177,183,67
185,326,67
187,177,67
187,202,67
197,244,67
201,194,67
204,147,67
206,192,67
213,165,67
304,50,67
27,261,67
48,240,67
53,227,67
76,328,67
87,304,67
97,305,67
104,315,67
108,372,67
109,419,67
120,350,67
121,325,67
126,316,67
163,271,67
171,264,67
173,277,67
177,124,67
179,105,67
181,96,67
190,257,67
194,92,67
195,113,67
196,137,67
201,273,67
203,105,67
311,172,67
317,187,67
24,269,67
32,244,67
43,248,67
87,349,67
91,327,67
94,320,67
95,346,67
100,363,67
101,369,67
102,278,67
107,323,67
108,338,67
108,350,67
109,357,67
114,290,67
114,322,67
116,341,67
125,296,67
127,324,67
131,355,67
171,317,67
182,169,67
182,272,67
183,222,67
186,240,67
189,147,67
191,121,67
192,315,67
193,158,67
211,175,67
215,182,67
301,175,67
303,162,67
310,201,67
356,89,67
72,308,67
98,356,67
111,368,67
152,270,67
175,250,67
181,263,67
186,111,67
187,307,67
209,184,67
26,276,67
79,206,67
81,322,67
85,339,67
87,333,67
114,331,67
173,289,67
175,300,67
191,128,67
193,276,67
227,189,67
293,170,67
309,183,67
321,199,67
39,332,67
185,104,67
215,294,67
288,182,67
304,195,67
313,213,67
352,111,67
162,292,67
172,145,67
175,140,67
183,291,67
204,273,67
216,276,67
227,272,67
275,178,67
292,162,67
294,177,67
300,214,67
349,123,67
352,101,67
150,396,92
176,109,92
196,302,92
205,290,92
217,310,92
220,284,92
254,304,92
298,193,92
345,85,92
203,310,92
211,300,92
224,309,92
227,293,92
227,357,92
236,275,92
294,203,92
345,97,92
351,73,92
73,309,92
209,311,92
278,190,92
278,204,92
282,212,92
286,196,92
300,234,92
325,161,92
338,94,92
338,111,92
341,57,92
345,119,92
366,86,92
160,152,92
192,293,92
232,289,92
242,293,92
244,271,92
245,279,92
259,305,92
263,318,92
266,194,92
269,221,92
272,211,92
273,200,92
286,225,92
289,230,92
295,218,92
305,154,92
333,118,92
336,85,92
338,135,92
341,70,92
343,76,92
138,162,92
282,207,92
319,152,92
326,93,92
330,57,92
338,103,92
356,80,92
237,265,92
242,258,92
243,285,92
243,304,92
244,200,92
249,253,92
256,193,92
257,217,92
264,209,92
274,76,92
284,238,92
297,145,92
312,141,92
319,87,92
320,145,92
324,135,92
326,120,92
337,124,92
111,419,92
250,208,92
268,234,92
292,158,92
293,104,92
301,156,92
308,116,92
316,109,92
327,110,92
329,99,92
331,128,92
354,98,92
242,238,92
248,305,92
249,216,92
257,201,92
260,290,92
261,232,92
273,237,92
282,232,92
289,89,92
308,100,92
312,95,92
312,126,92
316,54,92
320,103,92
332,147,92
94,197,92
223,58,92
227,270,92
236,326,92
241,46,92
246,319,92
251,114,92
256,40,92
262,36,92
269,70,92
276,243,92
299,50,92
320,121,92
336,57,92
37,321,92
41,327,92
59,339,92
62,328,92
71,334,92
76,404,92
108,406,92
135,402,92
175,120,92
216,68,92
230,82,92
236,231,92
241,218,92
248,68,92
253,226,92
290,235,92
303,83,92
313,78,92
314,134,92
74,358,92
79,216,92
83,341,92
84,357,92
94,372,92
98,410,92
101,422,92
134,185,92
142,185,92
212,333,92
222,74,92
224,326,92
236,248,92
241,76,92
251,339,92
254,83,92
256,96,92
263,102,92
272,43,92
278,65,92
282,97,92
288,62,92
288,82,92
292,100,92
302,97,92
303,65,92
305,49,92
57,317,92
78,238,92
85,349,92
88,381,92
92,386,92
96,392,92
107,175,92
108,388,92
126,399,92
129,162,92
132,208,92
151,180,92
151,318,92
164,164,92
186,378,92
213,362,92
225,248,92
227,257,92
232,213,92
242,111,92
243,224,92
245,91,92
249,247,92
251,317,92
259,61,92
261,272,92
262,330,92
263,52,92
267,58,92
276,87,92
281,45,92
297,86,92
300,70,92
311,63,92
314,89,92
38,288,92
38,314,92
48,289,92
54,324,92
70,345,92
75,227,92
78,378,92
86,224,92
93,219,92
94,242,92
97,382,92
103,219,92
116,414,92
117,169,92
129,227,92
129,241,92
133,238,92
140,168,92
152,161,92
156,326,92
158,336,92
169,339,92
179,358,92
184,89,92
186,172,92
191,180,92
193,327,92
202,332,92
209,71,92
222,240,92
229,234,92
230,326,92
231,134,92
232,122,92
234,67,92
238,348,92
239,123,92
244,63,92
250,55,92
256,334,92
262,77,92
266,83,92
284,53,92
287,73,92
294,49,92
40,299,92
44,306,92
51,311,92
60,245,92
63,345,92
71,278,92
83,282,92
84,368,92
92,410,92
95,262,92
101,397,92
102,209,92
104,192,92
106,229,92
109,253,92
112,209,92
120,223,92
135,351,92
137,227,92
158,178,92
158,185,92
159,320,92
162,343,92
168,330,92
179,183,92
200,376,92
201,368,92
204,347,92
205,243,92
214,125,92
214,342,92
215,59,92
241,335,92
267,313,92
362,83,92
365,93,92
21,254,92
41,280,92
44,324,92
52,239,92
65,278,92
68,361,92
71,388,92
72,269,92
79,269,92
80,299,92
92,234,92
96,253,92
110,241,92
116,193,92
120,247,92
122,183,92
138,194,92
143,326,92
147,190,92
147,198,92
148,216,92
160,390,92
165,180,92
170,347,92
179,176,92
179,374,92
180,332,92
197,152,92
198,140,92
201,80,92
205,149,92
205,321,92
211,260,92
218,83,92
219,259,92
220,132,92
225,337,92
233,91,92
234,98,92
240,58,92
305,171,92
35,256,92
60,258,92
67,232,92
70,302,92
78,261,92
81,226,92
87,263,92
98,246,92
106,264,92
115,201,92
116,235,92
118,212,92
138,369,92
148,375,92
149,207,92
156,196,92
166,371,92
173,366,92
184,340,92
199,254,92
205,86,92
209,94,92
212,243,92
226,94,92
227,225,92
228,106,92
233,350,92
235,335,92
246,343,92
26,274,92
28,288,92
33,265,92
43,258,92
45,271,92
51,222,92
53,277,92
56,283,92
58,268,92
62,228,92
65,252,92
67,310,92
68,318,92
81,251,92
87,342,92
118,366,92
128,379,92
130,369,92
132,192,92
133,385,92
143,384,92
150,365,92
152,344,92
157,371,92
161,215,92
167,190,92
177,196,92
179,189,92
184,185,92
184,309,92
196,344,92
198,361,92
199,353,92
201,97,92
203,131,92
211,105,92
214,111,92
217,147,92
219,235,92
219,352,92
222,99,92
222,344,92
223,116,92
356,66,92
25,248,92
37,241,92
49,265,92
51,252,92
55,235,92
60,218,92
65,295,92
74,376,92
84,286,92
96,269,92
103,278,92
109,381,92
116,355,92
116,378,92
120,253,92
129,350,92
142,312,92
145,356,92
146,346,92
161,204,92
175,328,92
177,124,92
180,162,92
184,103,92
185,386,92
193,130,92
201,167,92
203,120,92
214,158,92
323,161,92
361,75,92
36,252,92
56,222,92
76,367,92
102,171,92
104,357,92
140,340,92
145,161,92
174,307,92
175,286,92
176,273,92
176,375,92
183,168,92
185,144,92
185,327,92
191,151,92
195,92,92
214,136,92
44,227,92
49,247,92
59,360,92
102,339,92
112,343,92
112,370,92
133,324,92
173,316,92
185,135,92
188,272,92
203,156,92
209,142,92
209,368,92
311,180,92
314,54,92
321,185,92
41,267,92
59,310,92
86,326,92
121,339,92
127,340,92
135,398,92
176,147,92
178,300,92
189,113,92
205,273,92
228,308,92
305,161,92
310,156,92
330,165,92
64,376,92
108,361,92
165,388,92
170,142,92
343,128,92
369,91,92
157,390,92
176,388,92
186,290,92
189,303,92
217,285,92
222,274,92
293,180,92
305,172,92
164,288,92
196,279,92
231,295,92
296,170,92
304,190,92
305,226,92
320,201,92
351,78,92
365,105,92
94,346,92
102,434,92
147,174,92
189,281,92
204,300,92
206,290,92
207,307,92
227,283,92
235,301,92
281,177,92
314,213,92
338,86,92
340,59,92
344,96,92
62,310,92
214,299,92
215,310,92
265,308,92
272,191,92
333,135,92
337,131,92
342,104,92
355,124,92
365,118,92
79,310,92
88,315,92
89,304,92
94,297,92
98,312,92
103,321,92
107,291,92
108,285,92
109,317,92
112,331,92
114,321,92
115,302,92
117,269,92
119,281,92
119,289,92
122,271,92
122,322,92
123,309,92
124,265,92
126,293,92
128,262,92
129,284,92
131,315,92
132,299,92
136,286,92
137,274,92
139,282,92
141,259,92
146,242,92
150,229,92
150,265,92
154,269,92
155,243,92
158,251,92
159,236,92
165,256,92
166,246,92
169,274,92
172,225,92
173,251,92
175,262,92
176,209,92
176,236,92
178,222,92
181,241,92
182,253,92
184,197,92
184,262,92
186,209,92
187,221,92
189,228,92
190,238,92
191,244,92
193,202,92
194,212,92
195,186,92
198,201,92
200,230,92
203,174,92
205,206,92
206,188,92
207,193,92
207,230,92
209,178,92
211,206,92
212,185,92
213,221,92
216,176,92
217,212,92
222,187,92
222,199,92
224,149,92
226,161,92
226,172,92
227,189,92
228,193,92
230,196,92
232,162,92
233,186,92
238,157,92
239,148,92
241,163,92
243,138,92
244,177,92
245,181,92
248,132,92
250,156,92
251,168,92
253,151,92
253,174,92
255,186,92
257,118,92
258,145,92
259,141,92
261,136,92
261,170,92
262,115,92
264,166,92
267,126,92
267,155,92
270,119,92
270,169,92
271,143,92
273,163,92
274,97,92
274,136,92
275,111,92
277,103,92
279,129,92
285,150,92
287,133,92
289,113,92
294,118,92
294,128,92
298,138,92
201,180,93
107,328,117
197,306,118
220,293,118
231,288,118
235,272,118
242,275,118
262,282,118
272,179,118
280,201,118
282,189,118
283,45,118
285,209,118
289,218,118
301,185,118
302,208,118
316,55,118
238,287,118
250,301,118
257,302,118
273,196,118
306,216,118
247,289,118
248,280,118
259,197,118
298,216,118
311,125,118
354,143,118
144,162,118
197,378,118
257,278,118
261,216,118
272,207,118
284,159,118
287,196,118
302,140,118
314,111,118
130,156,118
229,270,118
265,271,118
267,196,118
275,223,118
303,147,118
307,101,118
323,140,118
334,126,118
118,420,118
189,375,118
243,263,118
244,296,118
248,198,118
249,251,118
256,335,118
258,228,118
264,318,118
316,80,118
330,101,118
239,212,118
251,204,118
256,214,118
259,86,118
262,257,118
266,232,118
268,65,118
274,231,118
281,231,118
307,84,118
316,62,118
321,89,118
323,148,118
333,73,118
347,115,118
348,77,118
351,119,118
69,329,118
75,334,118
106,217,118
241,315,118
245,218,118
253,311,118
277,91,118
299,114,118
312,65,118
88,197,118
89,356,118
120,194,118
139,166,118
186,92,118
244,74,118
247,223,118
248,239,118
257,248,118
278,46,118
281,69,118
298,62,118
300,84,118
300,100,118
302,52,118
302,72,118
355,109,118
59,336,118
77,354,118
95,372,118
100,427,118
104,200,118
105,207,118
116,403,118
127,180,118
134,181,118
134,228,118
147,186,118
176,172,118
182,181,118
225,99,118
232,231,118
234,212,118
237,98,118
238,68,118
240,241,118
241,346,118
242,111,118
246,90,118
251,318,118
254,114,118
260,100,118
267,85,118
280,87,118
290,62,118
290,83,118
337,125,118
343,88,118
46,281,118
54,294,118
72,206,118
84,339,118
89,323,118
91,378,118
96,410,118
97,219,118
98,194,118
107,226,118
108,421,118
118,205,118
120,422,118
123,234,118
128,402,118
132,164,118
133,206,118
136,401,118
142,227,118
177,129,118
227,246,118
232,255,118
242,124,118
242,231,118
244,60,118
245,331,118
251,69,118
252,81,118
269,98,118
271,67,118
273,73,118
292,69,118
294,96,118
330,82,118
45,298,118
46,329,118
51,310,118
76,240,118
76,347,118
81,397,118
82,360,118
83,402,118
102,380,118
103,371,118
104,411,118
108,193,118
113,212,118
120,171,118
127,230,118
129,223,118
132,199,118
134,193,118
140,185,118
149,215,118
159,316,118
169,163,118
181,195,118
181,373,118
183,328,118
183,355,118
193,180,118
213,91,118
216,107,118
228,117,118
230,76,118
237,324,118
259,60,118
265,49,118
282,46,118
288,53,118
325,157,118
339,115,118
352,82,118
35,288,118
44,289,118
54,247,118
60,228,118
61,362,118
65,245,118
67,342,118
77,340,118
83,376,118
84,196,118
93,347,118
96,235,118
96,386,118
105,395,118
113,178,118
114,233,118
147,202,118
173,334,118
185,344,118
187,336,118
195,166,118
213,317,118
215,364,118
218,113,118
222,345,118
223,84,118
224,146,118
226,91,118
227,238,118
230,142,118
230,335,118
231,108,118
233,129,118
233,351,118
236,93,118
265,64,118
310,97,118
325,93,118
27,266,118
31,252,118
38,245,118
41,260,118
44,240,118
54,231,118
64,314,118
66,260,118
71,289,118
74,230,118
78,270,118
78,389,118
79,246,118
86,291,118
88,269,118
107,187,118
110,263,118
114,388,118
115,239,118
122,215,118
131,392,118
137,239,118
151,325,118
153,181,118
167,181,118
173,387,118
176,354,118
190,354,118
196,339,118
203,361,118
205,337,118
210,102,118
213,245,118
223,104,118
223,258,118
226,70,118
230,325,118
231,226,118
258,332,118
278,80,118
312,50,118
29,257,118
38,272,118
49,286,118
50,257,118
68,214,118
69,224,118
74,281,118
88,368,118
93,420,118
95,261,118
115,254,118
122,223,118
142,198,118
156,191,118
164,204,118
174,345,118
175,312,118
185,142,118
189,147,118
196,154,118
200,321,118
205,249,118
206,370,118
207,343,118
211,143,118
212,331,118
215,132,118
216,102,118
217,76,118
223,133,118
273,62,118
311,109,118
49,272,118
53,265,118
57,274,118
71,250,118
72,312,118
74,377,118
80,325,118
84,232,118
85,223,118
86,252,118
91,280,118
103,384,118
122,365,118
150,339,118
153,211,118
159,160,118
162,186,118
164,289,118
164,334,118
182,157,118
185,109,118
185,173,118
195,129,118
199,140,118
200,116,118
202,350,118
207,150,118
215,157,118
215,262,118
218,149,118
218,244,118
222,356,118
237,348,118
249,338,118
62,238,118
76,301,118
81,196,118
84,260,118
100,247,118
102,268,118
113,369,118
118,379,118
124,331,118
125,251,118
125,377,118
149,381,118
150,159,118
153,374,118
157,357,118
160,342,118
173,327,118
178,301,118
184,133,118
189,309,118
190,382,118
196,110,118
201,256,118
204,330,118
205,127,118
205,157,118
206,137,118
213,122,118
352,71,118
46,237,118
132,349,118
136,366,118
146,333,118
189,112,118
207,121,118
320,137,118
64,280,118
73,361,118
84,422,118
131,338,118
134,403,118
140,323,118
154,391,118
178,286,118
189,268,118
317,116,118
31,272,118
36,284,118
97,332,118
115,338,118
118,369,118
130,324,118
143,368,118
194,257,118
206,275,118
229,322,118
308,162,118
327,184,118
36,298,118
50,337,118
64,364,118
69,371,118
79,391,118
106,431,118
113,361,118
118,347,118
126,340,118
167,290,118
311,171,118
315,156,118
315,178,118
318,131,118
106,344,118
111,355,118
168,386,118
322,181,118
341,68,118
162,296,118
221,286,118
226,273,118
230,305,118
244,311,118
308,177,118
191,292,118
214,270,118
232,282,118
245,288,118
247,275,118
301,164,118
310,190,118
326,167,118
74,297,118
162,302,118
218,297,118
239,287,118
240,301,118
267,37,118
315,94,118
330,171,118
131,157,118
201,293,118
216,307,118
251,301,118
271,271,118
271,303,118
279,170,118
289,186,118
290,207,118
296,179,118
297,195,118
299,204,118
303,157,118
306,203,118
309,210,118
328,158,118
85,299,118
85,311,118
87,316,118
90,306,118
93,315,118
97,296,118
104,279,118
105,313,118
106,305,118
107,335,118
111,277,118
113,287,118
113,319,118
116,267,118
116,330,118
118,301,118
119,319,118
121,288,118
122,301,118
124,271,118
124,280,118
127,307,118
129,261,118
133,282,118
136,314,118
137,297,118
140,272,118
140,284,118
142,304,118
146,258,118
153,248,118
153,256,118
155,240,118
155,269,118
162,250,118
163,216,118
168,212,118
168,262,118
169,256,118
170,245,118
170,273,118
174,210,118
176,203,118
177,265,118
178,248,118
179,236,118
184,252,118
186,260,118
189,187,118
189,199,118
189,212,118
190,241,118
194,223,118
197,241,118
198,212,118
200,187,118
202,224,118
204,203,118
205,179,118
208,169,118
210,233,118
211,193,118
211,212,118
213,205,118
214,178,118
219,220,118
221,166,118
224,210,118
229,191,118
230,162,118
232,174,118
235,186,118
236,140,118
236,150,118
236,197,118
239,160,118
242,167,118
246,177,118
248,146,118
249,138,118
252,183,118
253,130,118
253,156,118
254,167,118
258,150,118
259,182,118
260,121,118
264,142,118
265,135,118
265,168,118
266,115,118
270,124,118
270,163,118
272,153,118
274,164,118
277,123,118
277,140,118
278,113,118
280,103,118
281,129,118
289,133,118
291,123,118
298,129,118
302,132,118
142,399,144
193,286,144
212,288,144
227,290,144
261,181,144
274,175,144
286,162,144
304,215,144
311,46,144
311,223,144
313,120,144
320,144,144
324,199,144
53,348,144
126,417,144
209,298,144
235,268,144
239,308,144
240,186,144
255,180,144
256,308,144
262,276,144
265,184,144
265,257,144
271,196,144
276,193,144
281,176,144
289,56,144
303,146,144
314,138,144
318,53,144
321,85,144
244,262,144
250,262,144
252,281,144
254,271,144
264,198,144
277,231,144
305,127,144
69,325,144
251,244,144
259,196,144
275,206,144
284,198,144
325,207,144
220,64,144
250,253,144
251,199,144
258,215,144
276,216,144
289,152,144
296,226,144
297,139,144
304,50,144
325,96,144
63,356,144
89,408,144
241,198,144
254,291,144
256,203,144
262,210,144
262,227,144
267,315,144
276,38,144
279,143,144
281,221,144
287,176,144
287,228,144
293,148,144
303,76,144
312,102,144
316,66,144
320,131,144
234,56,144
242,100,144
249,230,144
251,221,144
257,108,144
263,326,144
268,113,144
270,131,144
270,262,144
277,167,144
281,80,144
289,133,144
293,121,144
294,113,144
301,42,144
301,134,144
305,114,144
306,97,144
307,82,144
315,108,144
319,80,144
78,201,144
147,278,144
149,162,144
203,372,144
215,68,144
237,264,144
242,228,144
243,109,144
247,246,144
247,340,144
251,100,144
253,48,144
254,120,144
258,131,144
262,56,144
263,122,144
267,141,144
269,101,144
270,82,144
273,124,144
274,107,144
281,111,144
281,136,144
286,70,144
297,98,144
301,62,144
39,292,144
82,341,144
86,390,144
88,400,144
96,350,144
120,422,144
147,183,144
180,174,144
193,201,144
203,203,144
209,82,144
226,79,144
231,96,144
242,120,144
244,128,144
245,212,144
248,74,144
251,90,144
253,78,144
263,148,144
264,97,144
266,85,144
283,126,144
289,85,144
291,44,144
292,77,144
295,69,144
300,110,144
303,68,144
320,71,144
57,303,144
61,334,144
63,300,144
65,312,144
75,336,144
89,213,144
95,359,144
100,189,144
100,212,144
101,421,144
111,169,144
122,202,144
123,167,144
125,196,144
130,190,144
131,227,144
132,181,144
133,391,144
139,162,144
140,402,144
169,176,144
198,374,144
215,363,144
231,151,144
232,73,144
236,77,144
236,250,144
238,59,144
239,345,144
251,60,144
251,334,144
254,314,144
259,153,144
266,49,144
278,300,144
286,51,144
292,57,144
293,63,144
57,310,144
61,295,144
66,219,144
68,338,144
73,327,144
83,335,144
83,349,144
93,193,144
93,374,144
104,233,144
109,198,144
126,221,144
141,228,144
144,257,144
152,171,144
154,317,144
155,202,144
156,179,144
158,212,144
162,312,144
165,194,144
172,171,144
177,326,144
178,164,144
183,160,144
183,367,144
214,127,144
218,357,144
220,94,144
225,348,144
232,107,144
234,224,144
235,129,144
236,232,144
243,66,144
244,322,144
252,108,144
257,70,144
272,57,144
275,246,144
276,64,144
278,71,144
309,95,144
317,118,144
36,251,144
52,324,144
55,333,144
62,352,144
67,282,144
75,343,144
76,374,144
96,204,144
102,278,144
102,384,144
107,393,144
108,411,144
109,181,144
110,227,144
111,216,144
114,188,144
115,174,144
119,179,144
119,386,144
120,398,144
121,212,144
133,289,144
136,213,144
137,241,144
146,283,144
148,201,144
156,191,144
170,160,144
180,343,144
185,182,144
185,347,144
186,195,144
188,282,144
191,211,144
197,180,144
204,113,144
206,180,144
222,133,144
223,146,144
230,118,144
234,162,144
237,324,144
252,135,144
252,145,144
256,158,144
292,93,144
318,90,144
45,268,144
59,252,144
64,227,144
79,229,144
80,238,144
81,305,144
84,248,144
89,365,144
118,253,144
132,280,144
136,195,144
137,204,144
148,290,144
149,257,144
161,343,144
168,322,144
171,384,144
172,202,144
175,187,144
177,332,144
179,273,144
179,317,144
192,353,144
194,123,144
195,151,144
200,156,144
202,213,144
204,93,144
204,349,144
206,143,144
206,204,144
212,121,144
213,230,144
214,86,144
221,110,144
224,116,144
226,340,144
229,235,144
235,141,144
244,138,144
244,172,144
245,157,144
316,48,144
327,124,144
43,275,144
51,260,144
51,285,144
57,271,144
65,319,144
69,246,144
72,210,144
74,217,144
77,288,144
81,382,144
99,398,144
104,245,144
108,378,144
114,432,144
116,263,144
123,187,144
126,258,144
135,261,144
145,214,144
150,241,144
152,214,144
164,184,144
172,263,144
180,124,144
180,143,144
180,263,144
182,294,144
183,155,144
187,137,144
187,221,144
194,98,144
195,191,144
200,108,144
200,138,144
208,157,144
209,97,144
210,174,144
212,143,144
216,104,144
217,211,144
217,338,144
222,176,144
222,242,144
224,255,144
229,321,144
233,331,144
240,151,144
245,149,144
246,167,144
323,130,144
32,262,144
41,288,144
50,241,144
50,297,144
56,287,144
62,242,144
79,314,144
79,360,144
87,258,144
93,243,144
93,325,144
94,261,144
94,281,144
94,287,144
106,292,144
113,394,144
127,232,144
142,294,144
149,395,144
158,256,144
162,159,144
170,212,144
191,341,144
192,116,144
192,304,144
194,320,144
198,89,144
200,166,144
203,191,144
208,330,144
210,345,144
216,193,144
217,316,144
221,162,144
233,194,144
258,171,144
273,290,144
328,116,144
44,245,144
59,231,144
65,266,144
74,253,144
83,324,144
84,271,144
108,280,144
119,330,144
125,266,144
125,305,144
128,298,144
129,365,144
139,350,144
150,325,144
158,354,144
164,271,144
165,204,144
174,229,144
185,251,144
197,227,144
201,241,144
208,318,144
212,166,144
218,329,144
221,154,144
222,268,144
271,35,144
326,109,144
81,283,144
97,271,144
105,266,144
115,298,144
119,366,144
123,278,144
127,287,144
129,273,144
136,313,144
153,374,144
172,257,144
172,369,144
174,235,144
174,246,144
180,216,144
193,266,144
198,129,144
198,254,144
217,183,144
69,273,144
78,201,144
92,298,144
117,378,144
119,316,144
128,319,144
130,375,144
137,339,144
142,325,144
166,221,144
166,250,144
189,260,144
95,413,144
96,316,144
101,327,144
121,344,144
127,330,144
139,390,144
150,339,144
157,372,144
162,366,144
203,277,144
238,264,144
38,278,144
96,308,144
108,308,144
110,325,144
118,361,144
157,342,144
224,309,144
327,182,144
116,354,144
147,366,144
254,278,144
315,168,144
321,113,144
322,178,144
335,194,144
258,266,144
308,163,144
310,43,144
314,155,144
319,200,144
333,185,144
220,296,165
226,270,165
230,288,165
236,279,165
264,180,165
300,226,165
301,201,165
324,193,165
204,303,165
214,288,165
250,264,165
293,205,165
311,207,165
278,174,165
287,197,165
298,210,165
299,192,165
302,178,165
325,155,165
197,297,165
242,48,165
253,253,165
258,202,165
294,187,165
294,216,165
308,166,165
311,123,165
321,100,165
324,124,165
152,164,165
170,319,165
244,186,165
260,193,165
269,182,165
278,193,165
279,204,165
282,221,165
285,169,165
291,174,165
294,148,165
159,158,165
235,161,165
257,242,165
264,225,165
269,201,165
272,228,165
276,163,165
290,155,165
295,141,165
303,134,165
311,136,165
147,163,165
259,234,165
262,212,165
271,195,165
294,130,165
307,153,165
104,345,165
247,238,165
279,145,165
295,119,165
51,318,165
245,65,165
246,50,165
248,211,165
256,223,165
263,177,165
266,101,165
280,91,165
281,118,165
283,135,165
294,59,165
297,147,165
300,105,165
317,66,165
318,57,165
324,75,165
238,58,165
244,98,165
247,227,165
253,101,165
271,112,165
302,77,165
305,72,165
308,43,165
124,212,165
152,183,165
227,241,165
228,233,165
236,236,165
243,80,165
249,130,165
251,72,165
254,64,165
256,79,165
257,93,165
258,108,165
263,73,165
276,37,165
276,99,165
285,100,165
285,108,165
291,41,165
302,96,165
314,96,165
324,114,165
44,294,165
86,194,165
91,230,165
91,353,165
129,168,165
135,190,165
160,179,165
234,149,165
242,223,165
243,196,165
260,116,165
261,153,165
272,134,165
275,83,165
276,66,165
276,126,165
290,84,165
294,48,165
295,103,165
300,137,165
305,49,165
318,78,165
319,51,165
82,358,165
89,343,165
92,219,165
94,211,165
95,341,165
113,195,165
116,190,165
117,170,165
128,218,165
134,176,165
141,159,165
144,181,165
183,152,165
187,160,165
189,189,165
191,170,165
215,243,165
237,140,165
238,96,165
239,129,165
243,147,165
251,123,165
257,48,165
258,130,165
269,86,165
272,163,165
273,60,165
285,77,165
304,59,165
311,80,165
327,142,165
66,312,165
73,247,165
88,335,165
99,198,165
108,216,165
119,205,165
129,196,165
137,304,165
138,181,165
138,220,165
139,213,165
152,221,165
159,174,165
161,160,165
167,190,165
171,203,165
184,115,165
187,177,165
190,218,165
198,152,165
217,203,165
247,116,165
250,147,165
258,144,165
288,70,165
62,251,165
70,301,165
71,237,165
71,354,165
75,217,165
76,339,165
80,226,165
95,251,165
109,175,165
115,215,165
116,182,165
123,234,165
128,187,165
131,230,165
133,295,165
140,194,165
162,211,165
179,186,165
183,262,165
185,126,165
199,188,165
199,214,165
200,202,165
207,211,165
213,145,165
222,146,165
229,220,165
235,108,165
238,206,165
248,138,165
249,155,165
272,36,165
281,72,165
298,68,165
38,255,165
38,270,165
45,290,165
56,298,165
62,290,165
78,326,165
82,342,165
96,238,165
98,245,165
106,235,165
110,229,165
113,278,165
121,175,165
123,263,165
134,285,165
144,206,165
144,282,165
153,239,165
153,282,165
154,229,165
156,200,165
170,177,165
174,261,165
191,207,165
202,137,165
203,240,165
213,84,165
214,170,165
218,194,165
219,159,165
222,152,165
227,165,165
232,119,165
248,108,165
249,164,165
35,261,165
49,269,165
59,329,165
61,266,165
65,242,165
77,273,165
88,325,165
89,257,165
101,321,165
121,239,165
122,304,165
133,277,165
138,240,165
144,230,165
185,142,165
189,138,165
192,147,165
194,116,165
198,126,165
202,168,165
209,158,165
219,209,165
221,127,165
224,137,165
301,43,165
324,103,165
53,239,165
55,286,165
57,321,165
82,237,165
84,291,165
143,265,165
151,257,165
158,261,165
175,254,165
180,204,165
191,221,165
192,183,165
223,107,165
238,172,165
260,169,165
47,276,165
49,248,165
65,343,165
69,264,165
82,246,165
85,317,165
87,271,165
87,304,165
97,313,165
103,272,165
122,294,165
132,266,165
154,213,165
169,222,165
171,250,165
179,227,165
181,217,165
187,199,165
197,223,165
198,100,165
200,178,165
226,174,165
67,276,165
95,270,165
118,260,165
194,195,165
210,201,165
222,189,165
62,227,165
102,297,165
140,221,165
108,278,165
324,110,165
