102406
155075
301251
20
1436
95879
163129
5948
167179
161130
295355
3087
167403
303327
5063
96861
165386
4104
297108
93798
5271
164342
162538
165691
167435
92019
91865
162820
5760
3232
298896
92384
103825
299763
2400
95615
161369
167600
302796
302676
92362
297197
165228
164032
94008
163014
161316
163143
5469
1893
86682
162157
163483
6020
161927
91164
311984
4776
184358
299316
2936
96984
3843
296717
96592
163755
162113
6271
94273
166992
3693
92128
301044
95781
298685
92945
302577
167766
94662
162843
91786
809
4467
302733
162227
167544
82134
176536
165464
165866
4377
301970
166091
300825
95234
300141
298483
163429
1982
151102
94544
4932
97332
2457
167612
80689
94485
298466
297779
97653
297535
95047
97496
299160
91197
1346
91097
5750
96118
95092
270
298443
301521
91645
16890
161893
109246
1885
166155
301292
93064
4964
3582
97408
6004
96041
92088
167524
161227
301101
163658
1102
383
302387
95450
161391
163282
4706
3495
4005
93876
4059
84
166929
297386
94860
161378
383882
92574
163973
97797
301835
299223
297045
298006
4751
3063
166645
165166
315798
299191
299172
297913
1754
92595
300872
296954
302448
1027
297994
5357
299368
2521
300011
300025
177414
298657
229
149306
96606
91230
92005
11974
300625
165482
5387
167502
393265
93242
163301
1977
93252
165794
302683
161281
166358
296905
303513
300672
165912
300663
15970
297254
4088
3996
163796
300540
91798
4640
166289
161734
91820
165428
4606
6065
300610
6448
300397
298573
300369
5218
1460
296693
93995
5325
4363
164565
667
81043
303262
296793
298107
302320
170021
3456
165858
392628
92173
2758
160991
93280
94621
164833
4078
162641
95660
300706
4500
163918
286155
388606
298407
3411
1655
289149
163801
297483
95064
154810
93563
91387
96142
93515
164933
164397
167012
299708
2207
87090
300415
303240
88726
95183
306991
298116
162148
386457
97284
167202
4844
97424
3636
95851
95544
302151
296808
166219
161015
300742
876
167031
985
94756
301860
1020
2195
94339
96090
6568
301623
96628
164817
84082
93052
164407
5999
96030
287644
2635
2074
304091
93614
96464
161249
165398
306422
289719
162540
