17.718	20.574	3.6
10.836	20.72	7
13.472	24.6	4.8
18.304	20.866	1.8
10.25	24.381	1.8
18.377	23.868	7
12.154	21.672	3.4
8.7859	21.086	7
17.499	20.281	7
16.84	21.891	1.8
15.668	21.306	1.8
10.177	19.841	4.6
13.398	23.722	4.6
12.666	21.599	3.4
18.743	21.233	7
8.3466	22.697	3.4
12.959	25.04	7
12.154	23.209	7
16.474	20.061	4.6
19.329	24.454	1.8
17.938	21.599	1.8
19.915	20.574	3.4
18.377	21.745	7.2
8.6395	22.624	3.4
12.813	22.038	3.6
11.568	19.402	4.6
19.256	23.722	1.8
12.74	23.502	3.4
20.061	21.818	4.6
10.47	24.088	4.6
17.791	20.793	1.8
8.7859	21.452	7
18.011	22.038	4.6
8.8591	22.55	4.6
8.3466	22.55	1.8
11.129	23.283	1.8
18.231	24.893	7
14.35	21.013	3.4
18.377	20.427	1.8
13.325	21.745	4.6
15.009	21.965	3.2
19.841	24.454	4.6
9.3716	20.647	3.4
8.0537	20.281	3.4
16.913	19.841	3.4
16.693	20.5	3.4
9.8841	19.402	7
9.6645	21.159	1.8
17.791	23.356	4.6
10.689	20.061	3.4
12.447	22.038	3.4
15.595	23.795	8.4
13.765	19.402	3.4
16.181	20.427	7
11.202	23.795	3.4
14.716	24.088	7
17.865	24.674	1.8
9.518	22.843	7
13.472	20.574	8.4
11.568	21.525	7
18.084	24.088	4.6
10.982	22.258	3.4
12.3	21.452	4.6
11.422	22.258	4.6
18.231	23.575	2
17.938	22.77	7
9.6645	19.915	4.6
8.9323	19.622	3.4
15.009	20.5	6.8
10.689	22.404	7
9.5913	21.525	7
14.131	24.527	7
8.493	21.965	4.6
19.402	21.086	7
18.377	20.208	4.6
14.57	21.672	4.6
11.056	22.77	1.8
12.3	24.674	4.6
14.35	19.768	7
8.6395	24.234	7
13.765	22.111	7
11.202	19.622	3.4
19.622	22.917	7
12.52	21.672	4.8
8.5662	21.818	1.8
18.157	20.354	1.8
18.963	23.942	4.6
19.036	21.159	4.6
12.666	20.354	1.8
8.7859	23.356	7
11.788	19.695	1.8
11.861	19.768	4.6
19.622	20.061	1.8
20.061	25.04	7
8.3466	22.404	7
10.397	21.525	1.8
13.545	19.841	1.8
8.6395	20.793	3.4
19.841	20.5	1.8
18.597	19.549	7
17.791	23.795	4.6
11.861	23.722	6.8
16.107	24.308	4.6
9.7377	24.82	2
18.743	19.109	1.8
12.959	23.136	4.6
12.081	22.843	2
16.4	20.134	3.4
17.865	20.427	4.6
14.643	21.379	3.4
10.689	24.967	3.4
8.5662	22.184	2
17.938	24.6	7
16.254	22.477	4.6
15.668	20.5	4.6
16.4	21.306	4.6
16.327	24.6	3.2
15.375	19.768	7
17.425	20.793	4.6
19.329	24.527	7
15.595	20.647	3.4
12.593	20.94	4.6
14.204	19.256	4.6
9.6645	23.868	1.8
16.986	20.793	7
20.281	24.454	7.2
14.35	20.354	4.4
19.256	20.208	7
7.9805	21.452	4.6
10.689	21.233	3.4
11.495	23.942	3.2
15.229	20.866	1.8
9.2984	24.015	7
20.281	22.038	4.6
16.4	19.768	7
16.766	22.624	7
10.543	23.649	7
15.375	19.329	1.8
11.934	24.088	3.4
17.059	24.015	4.6
12.886	23.942	3.4
19.183	23.283	7
18.377	22.111	8.4
12.74	23.722	7
15.595	21.745	4.6
13.911	20.5	4.6
19.768	22.477	4.6
12.007	20.647	7.2
18.084	22.624	1.8
14.863	19.622	1.8
13.252	21.306	4.6
16.766	24.967	4.6
16.547	23.795	1.8
10.909	21.233	7
13.838	21.965	4.6
10.982	24.088	7
17.645	23.356	1.8
16.327	19.622	4.6
8.9323	21.379	4.4
16.693	24.967	7
17.791	22.697	3.4
18.45	24.747	4.6
13.252	19.402	4.6
8.7127	19.915	2
10.47	22.843	7
16.181	22.111	1.8
18.231	24.088	1.8
13.179	24.674	7
9.518	22.331	7
19.256	23.063	4.6
8.2734	19.475	3.4
13.106	24.161	1.8
8.7127	20.061	3.4
18.45	19.622	1.8
12.373	21.233	3.4
12.007	24.893	1.8
11.861	23.795	4.6
10.763	24.747	4.6
16.327	23.795	3.4
19.183	21.525	3.4
7.9805	20.793	4.6
17.059	23.649	7
19.988	19.622	7
17.718	19.475	4.6
16.327	19.549	3.4
12.154	20.5	3.4
13.765	22.624	3.4
13.106	19.549	3.4
9.9573	23.502	7
9.6645	22.404	4.6
16.327	20.5	3.4
12.593	24.454	7
18.816	20.427	7
16.547	24.6	1.8
17.718	19.988	3.4
8.2002	21.745	3.4
9.0787	19.329	4.6
13.106	22.624	3.4
18.231	24.527	3.4
19.183	19.768	3.4
15.156	20.061	4.6
12.007	19.036	3.4
20.134	23.868	3.4
13.984	19.915	1.8
12.447	20.866	1.8
10.982	24.6	3.2
8.1269	22.184	3.4
11.934	19.475	7
17.645	21.818	7
13.032	24.82	4.8
8.0537	20.134	1.8
12.007	23.063	3.4
14.423	21.013	1.8
9.3716	23.209	4.6
19.256	22.184	3.4
12.52	22.917	6.8
10.25	20.354	7
20.061	20.793	7
12.447	19.183	7
7.9073	23.502	1.8
17.206	19.622	2
19.915	19.988	3.4
19.768	23.722	1.8
17.206	19.183	7
17.718	24.015	3.4
17.499	22.111	4.6
9.3716	21.306	4.6
20.208	21.452	8.4
13.179	19.402	1.8
12.52	23.429	7
8.3466	24.893	4.6
10.543	23.502	3.4
19.036	19.475	4.6
16.913	21.965	7
8.493	24.454	3.4
10.543	20.72	4.6
18.597	19.988	3.4
10.397	19.768	1.8
9.7377	23.502	3.4
16.913	19.622	7
18.45	21.452	3.6
12.959	22.404	7
16.986	24.234	3.6
18.67	20.574	1.8
8.4198	25.04	1.8
15.229	21.745	3.4
18.597	22.99	1.8
11.641	20.208	3.4
11.788	23.722	2
12.447	22.111	7
16.62	22.77	3.4
15.741	22.331	1.8
12.886	25.04	1.8
19.768	19.695	4.6
8.3466	19.256	7
19.402	21.159	3.4
13.325	23.575	3.4
9.2984	22.258	1.8
18.45	22.258	3.4
10.47	24.234	7
19.988	20.793	1.8
9.152	23.722	1.8
8.4198	20.5	1.8
9.6645	20.94	3.4
12.3	20.134	3.4
19.988	23.429	3.4
10.177	21.525	7.2
10.031	19.183	3.4
9.0055	21.672	1.8
9.3716	23.356	4.6
20.134	22.258	1.8
9.8109	24.967	7
13.252	24.454	3.6
9.518	23.063	4.6
17.938	23.868	7
17.279	21.306	1.8
10.689	19.915	4.6
16.034	23.722	7
17.279	21.306	3.4
8.7127	23.942	4.6
12.007	20.5	1.8
11.422	20.647	1.8
11.788	21.306	4.6
19.183	23.063	1.8
13.618	21.159	7
9.6645	24.82	4.6
15.522	25.113	4.6
16.034	22.477	1.8
12.154	22.111	4.6
13.765	23.356	3.4
11.934	20.5	4.6
19.183	24.234	3.4
12.74	20.208	7
15.229	22.111	1.8
19.475	23.063	3.4
16.254	23.136	4.6
10.47	24.967	1.8
17.718	24.747	3.4
9.8841	24.015	4.6
18.743	21.965	4.8
20.208	24.967	4.6
9.3716	23.868	4.4
18.377	23.575	4.6
10.323	19.695	3.4
17.352	21.233	7
10.104	23.795	8.4
17.718	23.575	7.2
20.061	19.622	1.8
20.208	24.381	1.8
10.689	23.136	4.6
11.861	24.6	7
15.815	25.04	7
11.348	22.843	3.4
11.348	20.427	6.8
16.547	24.015	4.6
8.9323	21.525	3.4
9.0787	24.967	1.8
11.568	23.356	4.6
8.493	23.649	4.6
10.031	23.942	7
12.447	22.038	1.8
15.668	21.233	3.2
12.666	23.063	1.8
20.208	22.624	7
17.059	23.356	3.4
15.961	21.452	7
9.8841	20.208	4.6
11.202	24.308	1.8
