293649
102385
296869
158715
162911
92522
94266
301218
1082
91415
297842
154868
284723
166057
1985
302811
5037
2446
160167
299935
157471
1994
381444
2946
299933
109110
297676
299457
91876
164762
6069
139
96966
5807
303568
301179
166152
163870
302465
95040
93582
91101
309241
3073
164461
163569
151975
92228
161717
167371
95783
296851
95949
2002
166319
301569
166804
161336
95856
298648
299753
167114
165501
163053
161658
166554
3636
91223
6362
161090
94638
165520
5138
163216
4797
6424
299430
302084
93707
166503
164545
298829
95045
96753
93978
296915
300236
1190
297038
6003
300100
162004
93140
297562
11182
301687
162553
92070
4647
95231
298205
298431
97032
165333
97268
94112
298769
300629
300311
2593
162931
86450
297793
301862
4533
299189
4649
301048
5018
297571
167700
302115
295224
92541
165526
177488
302093
5568
97348
97194
297270
95718
3046
95090
1025
1554
301775
467
162334
96578
298158
6607
94338
164621
161549
3782
85233
173613
91389
1260
162923
163504
163830
893
1508
299800
163491
302308
85989
95294
94618
1115
302493
286146
96674
299764
301164
288
300419
4384
93053
302790
94639
4806
179064
167182
165359
167485
22444
163838
300905
3275
4838
161354
299982
1105
161930
13699
92380
92811
302742
386995
164907
95470
4009
4701
297650
1376
297338
381588
94319
167303
164995
398
165371
165675
94684
165478
302964
385159
289029
8480
92892
95485
169938
166801
300032
303037
92001
2011
302484
298320
5692
300769
167037
302717
299695
96824
163995
87801
107414
297860
52
97701
160692
166397
92763
6490
5659
298007
166740
303250
1687
95741
301565
97042
167833
163058
109756
154886
299707
299311
5450
165740
96179
302327
302653
165127
2431
92195
303709
166963
96466
3694
163322
1241
380
165388
11692
162103
80
297951
95952
167149
5208
3172
6393
93842
91653
297547
504
303246
5358
297347
93520
94011
91587
93074
6259
301755
4017
162705
92147
93020
162541
93192
298818
299041
162383
303355
164235
97539
91498
165884
298401
96842
161315
164119
394
93800
161528
166167
297253
4201
95844
300015
3794
97494
163184
303604
161590
163747
167401
167655
4195
4746
166919
96187
