165074
2382
300978
2436
94750
161275
166885
297179
5563
3506
302296
1171
96867
298160
301366
162772
94868
165899
96274
97048
1270
297427
297748
302058
4956
390966
83253
161067
296988
93777
93171
161534
92510
91929
300839
95531
302988
4984
1510
92773
299288
95053
165349
299217
4363
165142
94064
165059
162534
94174
302448
97396
93232
84799
551
390335
167556
95580
164817
164750
303149
92037
79957
166415
163127
298552
94275
165666
297431
164312
297579
161706
5384
6092
94481
91754
303621
167468
533
3085
91666
3525
92357
5896
298592
166754
299966
300479
163478
96873
298844
4355
774
161058
165052
162331
161606
1643
297990
165639
166290
5607
92243
3049
93486
298091
96656
163646
91409
792
95276
300681
302786
303642
21157
302653
96168
167595
6299
300165
166300
165853
163142
92712
94052
166003
297777
6481
91827
163765
93335
1907
1191
300332
93198
92499
13765
96771
171149
943
298785
161328
94533
299480
97307
4101
301234
5674
164566
301452
4071
105942
96712
167668
295356
297445
163679
5757
95630
162305
297664
162948
166844
97232
298990
312713
11327
2023
95957
2900
297792
166705
161555
165748
93297
299276
167052
95181
3872
91742
362
109933
94181
167115
4458
97472
303134
300522
95872
302076
302557
164103
4559
302079
299409
163798
162031
302064
298032
164650
300997
300429
137
1207
300179
301035
92597
297281
1250
164205
2567
300284
95021
93610
388387
54
302110
95758
296957
97765
288675
2580
92580
96251
164958
161529
96236
3963
300600
175481
14825
97544
165163
164565
160959
91424
303123
301312
290766
93590
4654
158691
166477
298281
93502
704
4672
164163
3897
161548
96745
95050
95588
87389
84302
96534
6498
91214
302477
94509
300870
37
302689
5764
89575
163354
95183
302999
163716
172628
299672
301902
1386
94853
163330
299819
298719
98060
162669
301677
300694
3625
6530
161963
301011
96126
3517
166454
296646
296706
297191
89867
301118
11834
303392
95406
153887
96598
5306
81633
93959
5828
93689
164791
301664
286010
302406
167090
93042
92820
162977
3456
2695
12207
165716
163061
2721
306054
2289
295327
3240
298859
166275
6099
298209
162980
297358
316148
