388590
92498
161955
297320
165611
305295
162844
92589
91414
586
80659
175886
5801
1237
96999
94389
4961
93767
390502
4912
285590
167254
4665
13819
162628
97667
2832
178056
96525
302884
93486
5990
307485
162952
36
300500
161592
97524
1839
92794
165499
5191
288
298435
97702
4643
95694
160928
1625
167385
302158
524
302219
2618
162885
300363
91224
163356
301973
96015
161564
164183
304789
301252
166594
6089
94655
92668
163742
97401
345
165598
91833
92766
2059
93404
298127
4753
6251
166195
301751
297096
298913
164062
165433
302012
297848
94464
301130
93775
4025
297141
93965
301280
162303
296821
165417
167109
94777
305667
299442
91326
95241
299610
300758
383033
302758
302658
165343
94560
3784
298094
298256
300695
164777
301335
300579
3042
298021
94278
159850
96547
91587
164889
321
297761
101954
97222
297952
301436
298668
161522
302970
5465
167055
92200
2345
93293
165874
162428
163283
167776
167074
166538
96664
387035
302550
166042
6362
287189
96895
17594
93808
296719
165072
95766
96683
165144
167519
167792
164307
1456
302577
104822
94634
298938
300077
93984
165816
161583
167755
646
95819
91208
166843
92290
386472
297341
390347
1131
297368
299777
167024
93157
5217
1347
163189
96327
163588
85219
6036
3019
297647
300996
1605
163935
3437
301238
157212
156486
943
91649
303526
13187
161362
298406
93671
164275
300343
1490
162672
162799
926
3216
166205
301689
5769
165826
164754
4196
162286
162827
93802
2325
296738
299694
381332
92437
5620
91972
164706
302233
299097
298543
5122
97278
301499
2074
5413
300425
298887
164424
84063
298244
94938
298678
302003
167591
1850
94156
97270
103815
303102
161836
152601
93514
162058
95850
163883
178825
95001
162318
556
153123
299046
2228
4496
6342
172905
3133
765
162580
94858
165018
299495
106859
167742
107783
96030
161221
315673
2640
91553
301617
92168
168794
97254
297117
167231
166847
4145
299800
95046
91427
163448
300134
302737
3310
95437
93613
301823
97405
298583
387734
162006
165302
165918
300586
97799
299301
176755
286980
96408
93251
1526
164727
97687
96483
172252
448
161284
299982
166763
160930
6423
161154
297463
299373
