91451
162800
303136
162970
93189
165880
96741
95122
1238
299694
95936
21
1819
91957
164126
95662
297721
300385
161022
3547
164663
164794
166734
2265
4142
4709
165318
92612
302089
93481
4033
178017
95710
163373
3936
167773
299612
85275
191633
94781
299481
6443
92084
301937
297304
92245
167037
92009
175654
3556
91943
1783
301310
167768
163923
301577
163620
91442
2216
91643
312407
301432
164829
4326
167000
164277
301128
298799
287722
303479
595
94819
301779
4623
2812
97302
92020
296822
81371
91893
95296
5155
96462
6271
297516
1842
298551
2566
162697
167389
4110
105495
165031
96690
164888
165256
303622
81165
96268
1626
99
162134
161279
4999
163805
198
3175
163213
1469
6357
166131
176188
95653
4455
162636
96044
302952
300412
161740
300951
5733
99911
166875
162311
164446
97745
1561
296998
302621
297620
95476
93704
302978
389957
302101
2370
93674
303532
4378
92472
298502
647
92361
291709
166962
300259
307345
290409
6604
298817
300598
6558
162254
6275
297689
166781
93285
5419
93302
297200
297991
155174
4461
300559
96501
97109
161963
162958
304078
165244
91518
459
163239
91981
4995
3042
94172
164563
301887
162874
287629
96429
3796
2993
303559
97472
298329
162047
173412
300680
300867
298738
5445
167498
302389
110229
165522
298125
301262
164976
95984
299918
3781
91557
165206
93878
164515
4889
96158
302791
92762
161466
778
298875
165815
1930
165437
167294
9685
5745
301305
92990
167311
161387
95708
95856
301745
161180
97698
516
165803
1084
161258
296735
296899
95536
161951
94477
162295
94321
109926
166637
299559
166053
301241
163816
93501
298156
83155
95504
166490
93125
91594
387049
96259
299871
166335
166464
3055
95375
91751
2350
300962
93880
5547
298590
2857
94217
301766
166113
298936
623
161038
93798
93812
301921
1114
162300
297621
161665
91914
94425
85508
165166
92189
169105
2837
297601
97183
164325
300463
257
4372
164038
97076
300179
301834
97650
163516
163630
490
93599
163974
5118
347
6207
85970
95049
291394
858
167264
95209
94455
9221
301077
299111
121
163300
91603
4274
298508
302778
5014
175185
143787
97051
161646
299134
