164775
6473
149360
95417
92047
346
4191
297374
93488
4635
301152
5817
92717
1062
92190
1155
302208
162839
92829
94443
167140
166178
94115
163679
161526
1358
5982
161322
299273
2200
161006
6242
166837
297318
84797
302704
302553
102929
92228
297794
297131
6595
2433
94239
93379
298913
165712
298165
300768
300167
3116
299265
96204
383510
6409
162145
164126
83891
3620
163024
302178
888
164513
293054
301050
79671
162518
298599
16643
163850
301731
1543
3630
157074
297431
162118
95395
161669
94603
299150
79859
166700
96871
848
95059
161885
286143
93694
302080
298646
383904
525
297659
3486
3440
296644
94826
339
158722
95854
1369
298403
165398
173502
5505
161698
171303
297047
301510
165293
298932
165124
302073
298135
298441
297287
97549
165030
3225
92372
2336
88991
299984
164630
167672
737
93760
96326
301804
5654
744
166312
165201
95961
380952
300595
153191
97571
165759
296830
97800
163829
96777
91502
299502
91415
164272
96590
94098
303193
301903
91811
97246
96043
155195
167056
298774
4735
308100
302117
2285
156804
167802
92807
3727
96128
78899
164588
297887
151993
4560
4368
165566
3536
95600
96268
178407
162215
4072
165058
298149
4009
165408
95664
302987
94904
93232
92376
301533
97036
166386
91384
86085
93456
727
300753
299577
97116
167078
177896
95543
423
299128
164356
1573
299741
2936
96624
308965
91662
4627
301819
300424
298884
164807
298759
91864
303570
2583
299089
301293
6186
297159
299695
300402
2836
3018
3408
4505
299461
162037
96446
1273
3527
301066
297255
161705
161241
167112
91303
163251
151443
164864
301950
92958
165092
6766
166871
167092
164021
302271
5330
167827
300864
3262
291065
80622
301027
167573
285441
297241
163462
92440
1293
165676
302833
300093
162764
163979
297234
5825
94969
166772
5810
94082
92844
169852
1989
5218
2667
759
175
298531
6363
164016
4026
161409
5066
95201
163750
163521
297856
303251
5115
163600
287330
92861
4932
166041
91781
93763
300533
4446
102486
11620
96645
3789
167497
93750
166303
165526
161629
95882
79329
300018
97713
2258
100860
93208
332
5100
93132
96699
159945
164787
297639
166991
92003
