5564
4208
165652
93487
164700
748
162047
95401
296869
97020
97675
27046
287962
299930
4540
492
164311
92524
165304
95561
96
298165
92456
173355
82839
154592
301598
297920
5502
161987
3420
1747
302619
164103
297907
162574
167625
91752
161855
2970
6521
359
161950
93400
297614
1477
297177
2677
1596
301969
96301
299093
93816
162456
301413
91142
95320
303142
301833
2777
287931
167541
95471
404
13604
97302
4708
299850
163056
1043
95435
297215
301049
91688
167529
301971
298404
161588
302852
300849
6192
164467
299670
94119
299227
300866
163323
154642
91611
96664
2749
94144
5302
5203
296960
302789
298987
299358
96163
96543
162525
302158
302800
303213
2160
163633
303407
300996
2194
161371
91474
5258
93087
97311
162095
3586
163101
297720
96227
6167
164721
80411
299370
37
92237
734
164617
5548
5930
95868
3752
93130
302059
162285
96619
807
303425
94260
163412
300440
94633
303023
164024
290863
5285
12723
91114
91150
164769
165240
95296
92930
299940
1174
97726
3854
101711
166543
163512
96072
94446
2181
163756
300287
165738
303603
9801
6256
1451
100165
299383
16889
97057
92819
1295
94964
90323
303787
1705
1509
88513
91731
161662
96432
91483
95380
163044
298712
163732
299406
1549
297703
101607
97495
96063
162333
95442
93239
166684
4877
322029
1730
3789
167421
3979
166108
82377
571
162665
299485
167266
2105
4400
163627
1724
2054
297256
150433
6486
302412
5487
94376
178654
300012
300641
298721
10169
92095
293605
165805
97481
165352
298015
296951
2033
166233
1312
299173
96562
2622
165698
165900
161181
167407
2959
88879
1002
299742
161224
302340
166766
173
6386
300576
107143
97459
294795
92627
300969
95048
300804
299114
91496
299446
390157
167059
2270
93353
466
3132
3249
85195
296936
5608
155939
163771
4257
149581
301435
3415
93998
95353
164151
2803
299945
5985
95663
6601
95959
93752
298251
6220
298302
166342
162068
167227
300162
162871
164966
97552
160954
96896
96737
164837
167020
300502
165041
300333
164356
94832
303155
163100
298419
3406
162472
92144
3876
537
300637
93921
164472
386978
302345
167757
980
4419
163261
298794
