93704
96985
302213
299936
161630
297343
91439
163814
109957
96697
96212
161522
93272
166479
3037
92785
302078
1855
161340
298954
97226
1195
94520
307017
93719
94179
301383
164966
94979
165209
324263
315535
166428
161295
1775
95092
166018
1218
97464
4178
165165
93854
150948
3548
167386
165541
164077
4207
162856
302174
1478
388580
166648
303371
298130
177286
314
103463
161848
288
160986
164496
296663
163147
163692
302577
94013
4754
177970
298683
164068
301368
162013
163894
302435
175499
95654
164104
3543
2811
297522
92253
2265
93528
4848
163247
92211
303532
299357
2171
162463
300969
387351
92535
385380
3059
1659
5458
163433
299882
175246
4894
299780
301399
95695
96974
370
297906
95146
162528
4371
300138
162197
95666
299284
300586
7353
297453
161832
2053
162521
94774
103608
166360
300286
300473
298149
9435
4010
164093
4331
164648
171894
300348
94537
5475
162828
298236
163064
1331
301948
299115
301612
161244
313806
165367
91163
163712
300542
303412
166957
162801
93204
234
165971
164772
299452
83327
163061
847
300734
164384
16551
91599
160221
167622
315091
97049
302563
302110
96204
93974
164375
298435
296704
165148
302130
167645
165067
299256
165450
96150
161160
388620
301286
6610
167215
92016
2748
302938
166838
6223
91280
298251
300403
299679
154486
165699
97783
297636
170179
165559
91847
94722
5215
91595
93369
160959
297559
6266
301691
2739
300924
163003
93158
647
104
161950
164199
91256
91320
5835
96545
152093
297469
167616
164759
4277
313970
2206
92435
177
299429
3534
91911
301559
163728
93229
166967
636
299938
297825
301676
1282
303327
6233
302665
94137
94850
312305
300427
2346
297161
94772
165240
97757
302715
6248
3323
300145
297142
91796
96163
5337
302845
6132
1908
96371
166902
5520
165790
302153
166913
95521
96004
302274
299568
5256
301616
301344
312433
5739
298454
6209
300571
94569
161554
11782
296938
97017
1572
4339
156754
96961
299105
284379
167605
160977
163880
97355
381112
95126
91133
5853
296799
6422
167783
164745
4312
1422
161858
93948
91761
5764
298916
303311
163173
576
164908
3248
88256
92706
164284
1730
83283
291532
300381
97551
