300380
91924
569
1659
300140
94632
422
93981
91318
93679
166344
299053
290665
13332
2707
299439
164559
96629
296647
315692
165716
96287
384386
165608
95698
94939
1541
95202
300843
166916
94140
86692
297910
165121
291720
161981
98009
5248
299237
162961
297809
4174
97223
112
96210
303494
93036
164625
95093
97580
80998
282827
3973
301956
175426
161630
91964
163212
164901
1116
6038
163133
93942
299863
297226
299990
2723
84679
298737
157661
165400
95493
5716
298142
298382
163597
164345
300920
4356
6526
304
4767
12275
6064
297513
305082
96941
303270
298064
4192
165648
96380
3158
300346
10079
5678
302440
161827
299773
198
165397
4348
96118
162166
3383
97317
165344
166790
298435
300987
3772
298630
300557
298247
164597
97166
48
4095
166122
3269
299506
161510
4705
4030
96144
302594
16393
5271
300825
161525
166669
161171
306530
2008
301003
167770
166006
3838
163401
297086
6198
167400
94279
91226
303176
295000
310518
11833
97634
300627
298267
299432
302480
162086
92724
1298
2955
297021
167378
1609
163378
149609
97595
160942
82978
297213
166636
10260
95452
91294
97797
92899
165285
300043
3465
162748
94753
167092
94918
162071
92611
93503
91432
92388
94780
166415
300661
92630
299589
94032
297001
95243
165919
382552
94751
901
165157
167390
5304
96024
164858
299723
97010
101885
162869
1838
164051
3228
3626
92175
299905
6268
4984
162894
297624
97447
3990
161241
301012
298553
97627
300365
297382
5647
303340
771
96092
92459
907
93955
1981
636
165068
165297
3833
166901
95835
931
2413
300322
296910
91946
5759
92897
163732
3356
96611
162841
93561
297407
97388
96750
93971
164092
167015
5654
4726
298705
301667
296708
97024
298091
296692
94010
303439
103635
91822
94377
95641
180
95916
1834
1845
302786
4369
299973
165585
92213
301981
178250
163455
94926
163558
165997
300671
96862
2948
166608
2381
95617
302818
299607
296928
162013
2625
327540
165213
289
5641
298899
92403
302396
6279
164583
164215
297627
97229
165223
167054
94241
144289
7497
302283
93875
166448
164040
4795
302915
167801
176114
5974
95080
5548
6097
1423
6430
163371
475
