299134
299950
93118
161602
91896
285190
167751
6363
301973
96295
164178
14307
310015
166810
303346
167600
163659
95887
302067
299968
298231
300935
94593
869
5617
162286
163388
2860
92085
300416
96030
301688
299122
297076
165049
4807
303055
5925
94399
165980
167785
161684
4655
163726
298029
302527
300623
3162
297635
302268
16725
97206
302101
96977
296914
166250
1112
3016
94527
167380
166368
4561
161659
91316
3913
91123
1337
97479
93003
302225
165148
96820
91600
300151
166640
303262
298022
297320
4197
96739
297411
162952
4402
162326
1949
93999
158614
96808
302414
312867
92610
163040
164345
165872
80742
166279
6510
93506
638
872
95701
95447
161454
161911
13129
515
297155
163623
96444
2610
308476
165812
303574
102051
91685
2775
95365
161677
166289
296796
3300
298280
161624
94340
91302
300140
4950
300616
300312
167811
301748
93286
5049
97186
107894
291124
161688
4640
6268
5374
509
163290
92755
94638
753
6104
301269
93830
164917
302447
93911
302042
92966
300955
164535
92303
297427
311627
95125
162598
299360
94405
95658
95325
107347
299559
96733
91345
5756
92851
3722
92150
296943
5151
94786
550
93359
5748
163808
298514
162980
3523
300838
161287
6135
1051
96144
94053
165534
163468
389631
288
299589
163409
94207
95269
167174
162690
91104
91287
386642
302297
94432
167132
95847
93123
165722
297115
2087
156119
3028
95648
97417
164147
97453
164254
161380
4416
97110
166526
306228
5303
2602
315044
166771
299516
1423
164295
163376
287356
164334
281
165689
92594
3885
303159
96108
1602
165196
301410
299607
92410
161470
94349
91905
165553
4189
166442
298046
5638
299662
164698
160956
161
391368
3531
92079
167356
313478
162443
164166
297250
2239
174387
297961
2830
302520
1025
5059
302747
2256
97175
298901
164543
166045
303185
82453
6199
300429
91822
1292
165401
162193
101131
97259
301016
91785
104439
1482
91448
3883
295108
2734
299898
300370
2200
299456
297859
93900
300280
5465
97117
936
167113
298475
165424
660
1972
2577
301574
302796
91621
297668
108556
93387
5002
167387
166711
302239
94704
166609
4289
177348
94414
300785
296705
94973
5358
