296911
163443
302800
412
303018
303559
300792
165309
1090
93720
301059
165380
167434
6003
16382
93931
299741
4952
97704
96647
2538
88054
163105
2571
95038
161096
97275
302075
5879
25
161417
93439
2187
3152
299732
8897
163326
14267
299262
2076
178330
284452
298559
313526
296680
302962
392784
165776
163150
166899
392065
164180
3067
163590
1664
167298
91575
5005
302396
300448
390024
299259
164468
161964
387678
92176
301779
298942
161623
298813
152064
96711
303539
2334
170601
166533
302286
164963
165513
289807
302564
300302
169376
2930
161495
287959
1403
165754
161702
2166
97160
93179
300510
300344
302440
302969
96081
1989
92030
97568
167785
166842
96872
299087
678
93568
299759
161260
5174
313510
3785
3643
165002
299290
526
161177
314746
163526
299444
95454
302368
89114
94428
162492
164442
92965
300912
93446
5937
164232
165950
166377
303035
101139
297116
301959
96333
6545
97357
5140
298213
3506
167797
315011
300634
92894
113
166058
97770
163887
1905
93254
163907
15619
162188
165314
149593
91477
297566
163085
297940
3682
302499
94797
161616
96068
92464
291191
1194
400
297752
167498
4546
303396
385853
97716
292634
5362
95337
93872
2384
169656
3427
4610
164458
91846
300111
93505
92072
299925
2811
166535
301739
315032
300020
3495
4319
96499
95089
303183
95256
162984
92549
95738
300869
91638
95198
92873
304836
5497
167845
2742
93911
91899
298550
299017
2610
15108
95580
163385
91177
95560
166931
5804
2592
161975
299466
167061
3974
91883
301766
2099
94942
301678
3882
91247
165162
553
5068
468
297133
92217
164495
298506
163576
166925
166189
165465
161408
4805
298335
164908
296844
166699
3174
546
94521
298929
8210
300775
2499
301081
166602
3294
297624
6487
94463
297265
167001
166203
297042
300904
93903
165750
179773
94203
299212
298936
6590
298537
6428
301309
92929
93922
4365
96748
107553
298585
169389
95011
978
161884
298163
162699
1517
651
6094
2265
162865
91493
161337
297421
164823
94532
301336
302218
5903
95430
163771
297212
162231
179524
303302
296728
162970
299537
166389
83092
96359
96334
166218
96704
96530
298022
1588
6440
163868
165938
