296838
903
162546
296739
5759
167497
1029
6552
1061
161369
1545
91195
95989
162293
299202
162943
92395
92081
97383
78
164872
5078
5558
95527
80556
301643
162456
6049
95382
353
2813
93893
300681
300917
299925
171680
6347
301711
93500
305923
3874
467
3042
81486
2088
96457
175985
93117
91399
96796
299041
166056
91769
167397
380698
382392
6168
163317
92767
93657
161996
2856
163407
162157
6285
302520
301131
163428
165103
687
4978
97684
745
96927
298157
300
95332
301964
96218
2511
300705
2860
300599
164044
95563
163958
302748
160975
94093
301981
166753
309822
298899
300735
165153
300570
93100
95901
162426
165246
301477
167597
297528
302235
97417
301205
297668
299934
4686
1014
162795
165400
96467
167337
1137
96689
2905
161420
300284
299267
4624
161041
162043
300247
153930
388193
97472
94869
164989
301153
4455
298699
297749
4303
97405
312859
4191
152495
301089
165266
95136
91391
162120
3806
96336
2257
92613
94464
296812
166978
166661
97175
94527
97330
373946
299013
303481
105606
162213
95230
2703
93800
311103
93415
300801
68
164915
298067
94223
297686
2300
301651
96188
4918
6531
91833
300273
94494
166959
12099
167106
6515
164828
2045
87601
303055
297217
164547
163740
1307
298251
290103
91597
301195
94875
298166
302044
373
93175
5604
299456
300491
166352
161638
302944
1782
166125
93637
166286
306960
4740
303190
302116
97385
162933
165558
96644
1572
158372
300125
95713
162901
97470
300386
94672
3579
89214
94884
165942
297329
296981
1382
92801
282883
163510
165880
171009
92122
301294
3026
299056
94002
298722
91306
294907
2543
167429
299331
303335
161741
91406
175995
300163
3799
92495
96917
2034
166059
296821
83574
5554
6252
4271
297543
164059
2716
165512
161660
166923
164639
92706
165248
310745
298438
161267
93192
5796
3332
166456
1899
161388
93512
1419
1794
1632
387621
164563
166908
297663
4383
91372
93464
298407
297183
2147
165957
1124
1377
98830
165944
92400
162854
300814
300777
713
165430
5847
296895
162478
298478
94740
299705
15018
297927
96779
164187
5347
302888
163123
93077
163165
4475
162446
301385
168354
299296
3015
298469
