97660
165913
166674
167401
301438
97334
4090
4464
301347
165098
303369
95979
5038
1715
93721
5612
95615
4573
92160
302099
161784
306468
93725
163284
103705
97438
96747
2579
93671
302141
301102
4080
299363
167130
94468
3000
12446
162117
91282
161456
2967
105968
301856
302421
302703
2814
301231
297287
166259
4636
4952
167791
166625
78994
180139
6049
3863
3462
3705
93358
6501
298957
302615
166231
91218
1927
3768
298085
656
165813
92231
96701
174784
881
289031
4064
303140
300319
156196
4385
573
302752
301950
95551
6366
91871
303149
306433
165910
94976
91364
171744
173711
94813
163737
83234
300600
1751
298161
303355
2376
298976
161549
92134
164277
95023
166419
302529
97004
301693
303245
1988
164744
166179
95112
162068
4728
166102
3891
167759
809
85208
166168
166372
1763
95321
4981
165423
300312
302844
161033
162060
162479
3527
93736
175631
388220
297358
299739
3324
166773
164605
163992
93401
596
162170
165741
2616
94411
299813
586
93107
1685
307305
3121
94845
1980
163943
166248
5797
3801
84481
4483
162425
5736
162917
93678
285061
164311
2189
164758
5327
5584
97788
300051
95361
91396
161188
298915
92496
299771
164868
28
96792
5075
165034
96434
164598
297849
162089
301244
162845
96980
297015
301255
5390
2367
97444
149
2683
327815
162437
168942
89404
151962
163300
92045
163064
297329
3536
166940
93592
94220
298238
300196
164535
302943
162992
92245
301616
162596
161131
299508
6159
299566
4853
93367
1400
303498
94441
836
93456
1318
167286
297760
6391
163722
296677
165171
167388
297749
96190
6172
165732
1219
302130
164416
288485
167221
301868
95682
5448
5309
91970
300702
162013
300806
6413
303417
176937
994
152310
95306
298619
300471
2659
374
2012
161498
163607
298892
165453
165557
302638
2974
167520
165231
165825
5465
289991
97635
96604
95546
162188
191536
298546
166518
107931
163727
92370
298332
164033
163122
297995
2320
91356
310996
953
166656
301319
389576
163971
94123
1395
161413
95379
300006
1162
165178
4721
165324
3230
300264
95887
296925
166174
93506
96453
158
297095
432
725
161267
12167
294341
167103
163604
91700
