178180
303124
300781
289460
4851
302157
950
6039
95102
84399
301233
2037
3697
167144
300336
6020
163731
91486
94879
160955
164423
164939
298696
165405
167521
298802
3433
165272
3654
301407
165535
302966
151
95716
95480
167228
94382
386603
93859
572
87782
302072
96959
174336
92390
299627
388436
163158
300708
164146
96493
390302
294749
11022
1569
299685
167110
298485
167555
164064
300347
2049
91414
303500
91284
166055
297772
95937
301364
293150
1499
302813
166689
286353
299097
1585
162904
298032
93611
299782
3566
297968
165054
296764
165587
5736
164107
95881
95103
2792
2992
166907
296727
94681
163985
301895
161179
166461
300658
161118
312170
96432
167166
297284
3501
299978
91855
4787
299403
159035
302062
93727
301711
94061
84597
297717
15722
92424
92934
301335
8419
167683
3821
302855
163782
91710
166064
93940
93097
302092
94773
5726
299008
297292
166701
5085
6227
4673
1775
504
384613
5767
3752
6505
301150
302391
97301
6054
3862
91691
4188
93849
301593
167551
2708
301057
89557
97566
299259
2645
297592
2760
165727
164712
167696
374823
164089
560
5135
1923
534
95361
95789
302516
161399
298333
298814
4269
161473
5546
4808
562
92006
6329
3224
92740
97493
92531
164754
96257
161350
164643
300446
97058
388025
93248
165710
301009
180013
95192
163539
298246
165955
95806
95233
97359
3429
4622
4157
299143
6419
297271
93658
302623
301103
296802
299532
163850
4796
151993
95294
94088
165785
179732
165904
165191
161617
791
1738
165015
6290
162722
83234
162039
97121
297664
87576
96927
299332
301454
162390
94972
166252
94033
5380
164727
161320
96331
163223
15099
298792
94670
162800
96759
1400
92878
96454
297387
97522
93457
164328
5289
91683
94038
299758
96638
165067
161725
94134
301912
79892
162795
297402
162399
299695
5478
91836
297459
300249
107746
92965
163386
93400
6198
95973
302765
167074
91112
91703
8620
5713
296962
298196
164155
307027
302501
162296
87754
303324
303235
4782
92674
144
95098
166190
302407
164441
302644
166085
96906
97664
166575
161667
3051
3257
595
97161
166295
300802
92368
302421
1215
1207
162886
161105
162049
302486
3858
