87331
765
302905
575
301579
6340
300453
163944
163887
165720
12509
164804
161778
3351
2047
299956
95775
97505
163775
3554
2969
1021
298595
895
94112
3946
301076
4163
4481
91539
300825
162098
18108
95237
298487
6576
96114
166754
3707
94868
162036
299026
92927
163690
161765
2163
167417
166966
4754
392903
301694
167294
167685
161924
386403
94397
297424
297912
3848
300997
303071
301263
3575
163562
302494
103162
109288
5063
2389
167264
97601
433
95173
6002
885
5293
92673
4211
296942
299367
166727
166157
299934
164238
299527
2150
2345
160992
165351
93899
89237
298218
165900
5411
97431
115296
301301
294839
1777
104289
303457
163959
299917
166999
1085
91353
100510
166870
878
5720
6527
5164
95709
610
14727
300290
164969
303264
94956
92680
3258
300176
96084
166571
160958
164468
1789
164483
97519
5994
5216
314850
165142
164142
94190
1242
93835
92974
92202
1313
301350
94014
102387
96026
161842
94712
97010
150953
299970
164183
4221
162246
5641
167777
300518
93444
95543
162119
95242
107084
94036
123
166579
163134
300811
96716
301682
166284
783
284320
162574
163217
91613
92435
161514
94694
164193
6205
93339
165945
96223
2008
92443
166309
162339
94540
302734
301386
97570
95357
303193
161224
297252
166046
2773
300604
309037
159380
165976
303314
303616
297304
3018
167467
4474
298740
11784
91847
298387
93116
163665
163447
297641
302790
299155
162400
303078
166770
93257
94874
302600
163669
167242
97233
536
298249
91708
298538
162891
96526
1063
164792
501
299514
161024
316253
175345
298500
167318
302081
299860
92504
97016
91379
297459
302128
177970
1656
5653
97356
96104
166945
96145
3641
151821
292941
167510
96558
166348
299160
296832
300117
93851
1518
301418
298960
95679
4172
302307
165093
303064
166838
298983
299337
297525
175118
851
149411
163525
165440
92933
99001
91535
95790
97798
390420
165693
5598
12595
275
389717
300651
297588
91426
302407
163537
94175
4704
301905
298936
6141
385020
313423
301820
297938
163787
10098
303123
298037
289264
1583
92220
94336
2340
165530
301799
94383
4411
161539
162984
1955
95781
299295
6543
297268
91578
296756
162714
