297061
6334
102274
4472
93722
162842
389053
1228
302452
301104
160970
297666
161663
166790
93436
161856
303089
162808
94049
91618
3159
165361
5002
302329
4849
1152
161440
298467
161349
102833
300290
302042
285664
813
296656
1722
300906
165970
302871
2240
166315
96993
93042
166235
166
96283
301644
95173
703
300900
162006
1294
80074
166776
4717
297937
5022
164099
94043
161859
3312
166654
97444
299050
88628
2093
94806
1931
400
301534
91814
166442
166898
6003
2909
304739
196
298538
16314
299498
6196
84103
95907
165589
97487
5216
303187
4251
91218
2445
302630
164514
16607
3836
301542
162107
301343
296944
98805
95971
1820
301849
4071
165457
167190
165231
298076
1597
92222
11524
300690
3558
165932
165541
4712
310629
6544
3568
163418
717
298675
161044
384626
161167
163847
300636
302115
94959
6362
297900
188757
166554
91661
4953
302722
95388
96158
166208
297237
299643
161194
163123
176921
96988
91195
303374
96216
97686
86589
4630
297470
161204
2146
96659
201
3317
96058
165580
1449
383580
91183
163731
161609
163183
297681
301861
6580
91472
137
300416
81159
4359
5483
94640
161762
162797
5417
302265
164583
6324
95372
91682
298958
163977
6583
92828
303175
300824
91189
151660
299908
1070
162233
299833
296860
299075
302287
93143
163033
94622
3801
302706
93457
93155
4546
2547
297671
297359
301046
390753
5235
97417
296664
11143
299365
97510
164145
161214
93531
300496
301703
1556
86320
4295
2602
3153
706
298558
299814
303336
298895
3698
301290
297856
92458
298506
94302
95587
80266
300079
302975
833
166405
5686
163947
299825
315855
166947
95281
108616
545
169527
161064
96505
1216
96731
299841
92970
94221
2708
92012
96719
97107
5845
163780
300772
3947
94892
301617
297888
6060
3101
160974
5978
166784
1582
164323
304577
162896
301394
299612
166931
5697
163829
1241
164071
92945
167760
3130
95892
5670
95834
296951
96814
227
300404
165637
310996
93354
97794
165407
107117
301212
303297
94529
952
164764
3070
165759
297661
299953
94069
109148
166505
5727
168547
164529
95083
166630
91718
81178
4235
97379
162
302903
94358
92477
310669
