4274
95115
164623
1382
300673
95094
161890
298045
299287
299741
167100
93741
94860
5011
176988
163225
97735
300010
108246
94954
109765
301151
2935
162486
302265
165329
149542
61
1013
298462
163462
96340
160206
94898
162473
2396
167466
171724
91611
165897
2788
301777
2076
391162
299299
4059
4027
94889
291617
2590
299260
188
91936
300512
94281
95839
298534
302079
97124
13896
1359
296734
96356
93422
179964
1332
2696
162751
164204
300370
293023
94192
301358
86666
299621
161109
164186
96572
164318
4487
161400
21
92352
92258
17402
92902
162082
7170
162870
1574
92933
302570
4948
97199
300538
3143
299718
4245
96098
301787
94616
162694
2490
287902
3506
5942
96625
6566
163298
3885
95412
2478
2964
91894
166085
298306
91509
139
91969
97028
97389
302623
96837
303141
164313
303101
94784
297731
94019
180019
3642
5044
3730
97543
95599
166883
167024
97320
890
3895
297605
162368
166714
6330
97572
299586
297772
298261
504
307955
299403
93395
95790
1150
92710
164813
161874
165081
166718
302063
299051
301574
166545
2842
160989
1998
159562
167481
92220
299253
163923
299416
92942
162092
5602
95425
301239
1441
5955
708
302031
299691
298580
163021
291277
91538
161571
4712
301232
91798
166798
96146
302039
92882
300672
97209
298554
3439
172579
96792
1889
296661
2460
6580
93659
303276
176550
297796
165172
2666
2143
299158
161563
301752
163579
3724
94183
101863
302405
106989
299046
347
300567
164679
96044
298846
163568
161543
91123
305976
3290
94353
166727
6018
4191
164845
161199
383483
5323
436
3846
3275
279245
97287
388545
163682
165574
94630
6482
93264
95622
165185
94418
165489
301135
96463
3543
3153
300253
37
156981
161582
91544
174050
162652
2418
93898
166703
1783
302993
93036
296931
313892
80809
167383
167303
163818
930
95514
299911
167161
164981
163243
2367
164777
165474
159
1979
166394
166941
5632
296834
93819
94801
93278
861
303444
315376
96436
161793
166383
166735
164084
161161
167742
97597
300287
167363
284928
164040
164811
6046
166237
7387
97239
301418
95965
297665
104150
161102
94500
163934
165981
94042
297175
302466
300246
301608
