93521
164400
95870
95478
163402
95360
299064
162317
94753
300060
382466
165674
300633
6292
166354
300665
312634
162396
103442
284018
92578
594
298446
301770
1892
1627
162923
300922
161029
303021
166976
159177
298997
1840
302784
13551
150062
5045
298055
167334
92570
96557
91117
96492
167753
165538
296950
1978
6075
96812
166749
91146
6139
161314
163616
167595
301918
301426
2272
301311
161264
95143
302720
91561
95334
97061
299899
96814
300937
91417
300865
95060
3075
94186
3801
94593
164100
166154
3297
151141
166022
298555
302032
166141
4670
1539
302629
5323
302436
166329
93691
297751
297869
5375
299305
167280
297619
95737
177055
92158
829
93985
389183
167833
315409
15996
161794
165377
296810
161630
96233
303279
5647
92059
6432
164641
165181
165399
162099
4198
297641
5794
167324
166725
167047
93211
301707
301181
96006
94017
297823
162551
4116
173967
92470
87700
293
91520
1533
1770
93711
15868
161555
300210
2062
79494
165140
165354
93550
300545
298117
166259
805
92666
161801
94612
303408
97713
6365
1072
163051
97212
177
303333
94642
106350
303046
297041
1114
94623
9210
6028
97741
93012
316303
149119
92065
162238
96716
96987
95244
165723
301510
164991
92885
301162
97730
5585
297492
981
166563
16368
300917
173080
93157
298632
167153
91506
297025
57
3226
1555
95049
297230
96165
164683
2537
75
5507
164567
95795
162389
97043
299661
297759
91287
162285
164111
95933
5854
300131
93314
300553
6123
2945
224
302653
93176
165018
294173
95490
315687
1057
163745
93516
164116
6590
5032
307889
91825
306744
297149
162000
91344
163278
161779
94914
161470
92163
165937
166240
91934
1203
302223
91696
94808
163955
298263
306427
161007
163694
3710
94118
91809
167791
91773
302075
287013
299677
300357
92195
604
163259
298796
96713
164690
165101
166611
95092
3757
296670
390522
96205
5366
4145
167507
165502
161250
3393
297195
161817
163339
303508
93738
96526
93325
291143
4798
3484
166456
163411
303345
95279
298719
164893
95423
165928
92869
93865
93139
298455
629
163677
5886
96191
297832
298170
92635
299111
299141
3968
349
300038
163959
303236
301446
166816
1332
