162771
299569
303335
96891
3263
95688
15461
1792
3642
175296
199
298408
95124
3445
95131
87761
301417
164485
92775
946
304858
164256
96046
157714
5480
299470
5986
93609
97665
165237
96843
102625
80960
93107
162566
166021
162180
299064
93232
165538
96089
93809
292729
91738
4566
164643
161787
92253
300402
5995
162289
95421
94481
300384
2449
296723
301629
299878
166512
164382
97852
298712
299113
162804
92223
301604
301956
164543
486
166482
163904
4719
299762
296762
82084
310289
309881
912
90132
1543
167440
5226
326
3603
302696
5619
296778
93266
2906
161396
160953
296767
165027
2909
385106
315786
302498
3315
300895
94658
161083
110
166046
91506
167832
5917
3002
592
302038
5662
93480
313198
3753
95802
299152
164502
163876
167752
166490
92916
79556
91735
93260
162137
95713
105396
9770
162468
2627
161270
89664
298581
300758
92386
297719
4775
4148
296874
165922
166093
387008
4559
1487
163839
301240
94091
5000
91174
166358
97195
4296
300091
164078
163624
2553
166079
167764
296842
4077
93693
93324
3383
300646
97906
165343
297903
94898
162656
92892
91500
96055
4790
96505
97310
3547
68893
167229
92865
152908
1785
95997
162369
6486
312529
94760
162060
289454
92462
297119
5372
167371
2300
1382
1102
299708
1574
234
5751
300269
89760
299177
5258
302072
302375
166516
163761
387275
663
6209
92316
95689
91801
97608
163400
91241
5141
93715
289058
92204
302813
4343
2265
16786
96753
91282
297194
166078
165016
297870
2976
298862
2698
161418
97624
95912
297339
300719
167062
95473
94699
2707
94292
6480
297898
2850
93407
1434
298961
244
302973
5944
163566
96360
302961
165711
95389
302302
93601
92699
91902
300064
166302
161593
300153
97
164119
92247
301267
298133
96514
93919
92070
167066
303210
3784
93908
165570
1672
167758
298189
296339
167245
163153
163697
4305
302609
301659
96953
164787
298452
297405
288283
95637
94022
165635
92510
157540
970
295285
164770
289984
6237
167044
162691
95098
5424
167380
91105
177209
301692
301673
96696
165766
1903
2928
4786
4456
297227
690
94133
163011
301938
2756
94887
1935
91218
163138
161427
