150269
867
95610
165480
162761
94692
164394
168742
3656
4254
167828
160993
18315
302999
297977
88151
82565
162797
162363
4887
298805
286710
166819
302845
165881
92140
15380
301425
179683
5560
95759
4955
4930
302951
102720
296728
4035
2167
165190
296504
164643
3635
1382
91812
91980
97383
300787
91530
4531
97054
2432
289575
750
165317
94927
164838
94364
166017
165263
302537
162340
161497
306470
297202
9905
311011
1391
6105
93082
5368
165531
794
808
298565
299375
109774
166565
297045
300557
298452
93255
1035
91845
1986
296819
166982
165608
6172
93381
166016
97642
162877
93786
97132
97502
94987
166163
94602
297570
114
168858
95231
214
1246
298639
95869
301695
167105
297639
94657
1146
163760
295142
162645
1927
298845
91772
6175
161795
94680
6557
167811
3025
91943
3180
163288
3666
91221
95204
301716
299285
303226
167695
298021
92179
770
97085
165661
164106
92379
6531
167329
299443
5346
163354
91173
103164
5057
297273
296778
304039
161820
302167
96704
289
96756
2182
93355
228
298011
302235
296910
93113
79143
6125
299849
94672
301121
95673
83638
5231
88134
164223
299767
300778
293480
2483
21299
404
97792
95964
95121
300443
303216
93970
166848
8350
311664
96923
163774
97457
164884
2630
8393
303366
96594
94066
3508
96600
92575
92800
165175
2323
1766
299979
106941
303305
2805
415
298094
166624
166944
162889
94285
164384
302593
299746
92688
300175
17363
93490
166656
91246
1793
5667
88482
97073
4488
2651
297385
162535
285564
91439
92526
164768
302043
160366
6343
303199
162315
5695
301568
6453
4090
3903
91385
1724
3137
92229
161277
303528
4719
95425
161613
302689
161428
3812
298933
155378
4519
164267
96246
97519
161730
301304
5358
163015
298646
297186
2971
291774
164826
96457
304704
302141
3562
95813
164461
302261
5516
299004
3783
92150
163465
4840
4164
299514
6575
92493
301260
164182
92634
5242
3376
97391
95986
5544
2863
298670
2302
386768
303280
297079
96337
163366
303448
95525
92904
298398
667
94266
302683
166041
163394
298601
96126
166834
94338
93122
302554
92437
97323
164467
97175
298198
297091
162195
94810
