93047
8660
302012
299349
177454
300078
301190
159627
690
296644
162996
108755
94925
298277
167694
94548
301052
166861
166974
95882
299836
92785
161282
163720
299763
163193
162898
96536
290
164095
6396
297472
385655
91186
386791
297664
166544
162869
80550
97283
5634
162342
161743
299732
94138
297290
3005
298921
2257
94737
91679
298743
97518
302714
301775
153555
163942
5564
94511
87932
163221
165860
610
162179
2780
161451
165848
3718
92580
302577
5110
206
5630
167770
4096
292771
301368
303019
299412
300746
299701
95568
297245
5000
173857
301154
5280
2720
162064
165699
162599
164907
167342
4713
302114
300423
93563
163015
94746
167502
95532
91942
163316
298181
164721
303567
102211
381869
95052
301979
303229
164897
935
165398
97727
95798
303656
167074
94835
1168
296820
298199
301185
93386
93739
166259
93719
91374
2482
4896
167528
1006
92442
166147
165078
95856
298427
295851
94962
161964
302261
162171
167727
3512
96129
93033
303367
6175
165841
95693
5513
300592
2234
297942
301688
301418
91133
161302
298801
12186
298300
97263
95159
4289
301449
6298
1499
164810
291229
104624
917
3727
162370
4199
162547
297220
4677
298045
290712
1039
93549
93615
6430
94146
4310
96894
166618
161149
95224
103444
1074
164590
163180
94264
95435
3917
2748
162918
174984
3210
162379
92176
165898
299388
97234
419
97418
4609
18078
165231
164285
167040
1413
296982
166553
3849
96001
94201
96252
625
163539
94441
301207
93661
310048
96722
2309
96232
17377
301406
298709
300960
6164
166374
300915
298665
164103
3154
2088
310
2838
92255
298817
94352
162593
121925
298979
4522
91861
1793
296691
1410
290875
302093
297719
390621
859
303246
300059
299372
95024
161133
93998
307387
296782
84331
12032
93461
4765
166871
163498
81385
297573
167564
392514
163620
165247
201
1857
2506
300650
219
1864
2492
91576
302441
297553
1755
91523
6236
297979
165578
302701
1849
96372
301626
92061
95335
299229
173586
3996
165413
165462
165376
166128
3504
302644
95702
163974
94226
3920
93372
164227
1821
93493
12327
95082
300330
2396
384327
166648
3250
298016
2995
96116
163913
93610
165383
