95002
95187
4726
164991
96638
4315
6257
93991
3444
1375
300177
93754
95457
165160
166573
95464
165007
93779
93035
109512
96496
390603
297958
296941
92040
2821
3837
4891
165195
161178
297231
300024
383338
96999
387835
297367
97638
6104
164221
869
167628
300235
300679
162559
93075
161084
167310
96144
166038
164404
163973
297535
163499
161646
91270
5096
528
50
95286
1808
302129
2978
299827
5952
97109
161624
162086
164550
162638
1037
104978
93179
1958
298483
165444
1384
5669
96277
93672
148649
107812
2344
161223
3625
299386
299694
167372
166589
165756
161306
163675
301761
301576
24806
166923
299456
97678
166981
163685
174369
297945
86228
164267
315679
162710
95046
89005
299164
302637
285645
164964
162455
93413
301837
300117
166029
3861
298074
97471
95412
93561
4921
167189
95521
95252
301478
165469
297384
165144
94852
300452
303418
302207
92052
92796
286348
302119
307034
4775
302731
156082
793
301699
165770
6423
383029
167483
2845
161270
92643
96096
302267
1518
163874
165450
302191
2763
442
296658
163407
5221
300502
301064
299877
91749
95723
162289
162186
159778
302912
139
299615
97519
4788
5705
167432
5799
80340
165431
94195
6264
96702
5647
300857
92455
5300
2371
3389
297930
94161
81616
94480
298109
297102
4460
91460
100603
1523
94082
93889
97094
167416
300664
165819
302836
814
94983
297185
9332
301056
2395
297563
297667
167561
6616
2641
3983
91671
301730
302595
94155
4216
301738
301190
296864
166512
298718
94750
5461
300320
298593
4468
35
91451
92271
163221
88569
163232
164845
2735
302006
300192
4800
97778
150619
92550
297555
166847
298863
92619
296752
298949
94904
161026
165087
162055
156295
561
96962
97319
5165
4576
303168
296688
161850
6152
95818
161439
298447
297378
303285
5089
91180
165146
92150
96732
3513
6097
291571
162748
298398
298315
163609
3575
94368
381616
95093
292923
1771
2932
299191
302737
302436
307969
6161
104
163318
6268
96208
295418
94650
162472
166580
162604
144757
92246
3286
94822
162540
164153
297693
91141
299216
95963
4887
166815
2536
301320
294938
184
165869
2083
165678
6053
300068
93876
12141
96960
