2991
1227
94930
162248
296899
2226
6313
165337
161909
96694
392
95489
96002
162028
164431
95196
167068
290514
166704
3817
94199
94834
95788
164825
91816
161441
299142
297496
298255
163258
160938
301621
163299
100101
161479
6535
5977
5833
96158
92252
93341
298184
161125
299318
164091
96092
5087
92532
297605
93261
6389
166109
96029
164458
92713
4134
9622
92930
302608
300784
93390
1888
92751
2825
1690
167622
94514
300364
299624
97127
96734
297191
91129
2474
92272
314572
299986
300864
6732
297046
163537
165775
301838
2026
93505
1216
302025
162250
6200
166918
4484
295390
297588
161414
97256
302284
96465
166902
1811
161130
165709
148424
162357
161590
3170
166358
75482
92541
1013
4790
302353
297029
94004
92249
91585
96404
92055
301130
11
302629
163784
94016
920
157733
161998
162939
167480
164190
303028
167773
93865
301806
884
302578
303244
93932
165799
89380
299233
5160
161453
91956
299023
149523
91544
301700
163593
1200
316126
300166
1314
300769
96866
15712
2688
87082
107851
13333
150195
302677
164511
4269
166587
298963
97169
148387
301019
163118
5436
14828
3194
165278
6505
96907
165632
97665
299205
2693
5548
305554
92473
298539
296939
166897
92021
5334
162177
99359
448
204
162204
297941
162557
91394
298217
3105
91268
7966
97078
93771
167061
5373
95169
645
14359
2525
161658
163329
166076
3761
162054
166343
2128
296762
161373
177892
303482
91689
164135
302726
164792
6093
93719
166964
2353
2923
164340
10264
2809
299214
163520
307294
5576
286594
161402
299869
94539
301941
4365
4724
298804
167549
166907
89655
301304
96971
97438
97756
93062
163644
97770
158
93035
165887
5173
165840
92399
301191
3479
298505
708
95514
797
1138
303364
2797
4877
92019
163868
1087
2
87042
297343
97502
301026
165268
162870
93181
97329
4385
297407
162493
166186
6606
3873
96013
298949
95978
303219
96714
300000
6040
91218
300475
4210
162824
97010
159844
161110
4520
6345
5731
167169
102577
164140
301518
162552
14776
3920
302916
300563
300964
302294
164643
299774
164322
3545
164953
93747
302161
167788
745
163243
5716
164577
300353
303128
91930
