161210
163649
162005
4467
4392
92337
95769
299901
298830
302950
300508
92801
298752
2128
166966
173697
158260
1991
92251
95855
167738
3233
302655
96382
178631
168259
93939
94445
2400
291393
163408
1701
343
6170
298244
297134
155627
302759
165177
167413
164543
95665
167382
101678
5966
92489
93433
1274
92924
165439
95243
302087
167813
4334
303314
184
5615
164088
167682
3299
297425
162606
299255
163732
94886
297370
297683
299703
166217
3020
91830
301447
167657
63
94115
2461
3873
297908
3670
4094
4364
4986
301405
298136
303013
5104
305306
315256
162923
163691
1779
166949
94124
307901
8976
97095
165449
164418
93069
598
301354
95676
164874
312905
303492
2146
163797
296781
20718
309967
91142
302444
165740
303633
298463
94264
97368
314293
299714
3523
296918
9613
161339
4424
91665
297003
164808
96990
172183
164004
92686
4710
6407
163698
296912
94469
298906
91438
297804
391103
97316
94750
95876
301456
297345
95099
161180
95311
1982
2700
95492
301594
95919
4956
96031
91688
88666
2825
298708
2797
299381
313137
573
5565
162351
164324
11109
162655
301950
2647
176710
2089
2479
297775
162939
95679
299452
167188
1390
298178
92818
161514
782
163163
2671
91250
299664
299248
162897
1522
166773
5568
299118
314148
164536
97452
301761
81876
5167
3241
165299
91952
300722
3463
93994
298660
166126
4683
167365
6227
166112
175665
302081
5185
166640
297400
96723
292627
300495
161896
162493
300948
299798
298649
165980
94765
97201
298470
91389
160704
97466
6596
165121
302531
94928
161192
91868
96467
887
161706
96088
97582
300097
296648
161980
296905
161969
91457
3325
95462
162552
3690
91910
3756
1064
301048
162487
5641
4278
3475
299025
178271
95668
6029
499
109645
165704
95101
301344
162338
299557
299611
92079
300627
167414
17436
298603
93823
96230
165813
289521
297753
96414
5020
5029
91628
161214
301075
94272
298542
955
166761
91132
299983
5657
167142
163662
3027
299338
162299
92339
96457
96636
166574
298947
298363
91691
442
301060
96079
87555
92204
167289
93466
97496
303453
301121
1896
4316
94524
5889
9018
302234
303284
161772
92345
79338
300336
