93232
97109
94553
2329
166544
298933
95700
1412
3091
4110
4788
166221
161924
15585
175006
161620
301605
167665
97353
164911
162470
162543
164168
1561
166625
167321
167414
166237
164291
393195
93849
91926
6285
92760
166291
165607
388378
3570
163862
97357
96967
302735
104733
167219
6090
2863
5517
158667
300840
383045
167103
178112
163346
161539
385182
302584
163244
302666
93693
601
95453
5247
91152
900
93780
303324
163024
92247
93877
299126
298621
94064
299789
392415
173416
81921
302139
163664
164692
299289
95164
165171
3222
162624
297881
97379
2147
4190
96632
301012
96075
94977
1538
95766
166417
301236
165513
320622
300460
167159
165143
95939
2940
297646
95505
94647
293795
300654
299911
94189
5717
6004
5049
296876
93337
5251
297080
161129
89978
297704
300220
4498
161337
308661
300135
301141
162806
1341
107698
94085
165203
4631
152040
165299
1217
96755
164478
1573
92835
92914
300753
2837
79493
1111
298906
98321
302110
165165
96905
301327
4359
161935
297635
93447
297458
288249
3355
165093
81630
92466
302133
96012
167453
167745
297264
163459
165476
4340
96209
297237
4097
162157
164742
163007
165526
2550
303298
167737
298248
94180
94272
4184
300521
295745
162315
302938
890
94763
97412
299860
2925
514
91786
6242
94848
298296
91135
297934
91442
321
91421
15998
96983
5672
5120
97609
4933
299875
163154
299835
5701
161245
296252
296796
161919
95142
166173
298526
164732
298755
298510
301986
166257
299043
302620
302098
6376
97759
95189
299883
296529
163893
95791
2478
165416
4940
167656
164749
5654
3242
3705
161071
95075
299583
298092
85846
6019
92452
162183
591
92274
163377
296789
91495
167647
1579
302427
4026
97662
297526
296963
302842
91947
5736
102030
1072
292912
2165
96514
166532
6342
96987
303618
5464
167031
176780
95068
164372
4733
303034
3627
95122
390835
97680
165576
2709
300822
96657
167275
92505
153832
300362
162383
302971
2219
2282
95879
303394
301757
299604
166929
166053
303312
95437
299068
88490
283962
91134
157066
2481
165919
162410
298363
6
4042
91953
174158
97464
3495
95393
301642
97452
163356
297904
163836
675
4372
164107
