301076
5189
164045
5818
388530
96772
161307
300323
3094
167464
297954
92499
93526
3071
384954
163578
93925
163915
2763
3402
300396
298399
1046
299258
92115
91278
162056
94973
164806
91821
5259
166637
299045
1236
3705
301471
5720
2792
165402
264
163831
5292
299626
97501
300702
5528
164123
171635
176825
3088
95976
4376
95511
94857
1357
2165
828
166423
167180
95234
6077
4197
162426
299387
301109
161850
91518
298071
87114
302290
296768
167819
105163
14151
161265
97734
1907
150634
94188
94744
286149
2844
165048
196
94886
164268
551
298999
96715
6417
303482
1336
95947
6220
4725
167718
299014
166829
299935
931
96633
284782
303278
96982
91693
302783
95321
167773
299733
4098
299635
165912
299303
296695
5957
1490
5532
93060
2114
163023
301649
166982
91116
297050
162305
302255
4975
167699
92481
92725
165672
309200
92127
3079
297191
2448
94522
301941
298680
2005
101844
93223
93011
94515
4187
298147
92807
162087
382627
300103
392910
298426
298162
297906
96793
164846
3731
162335
167217
300230
388837
167473
1601
94533
90065
165482
3856
162103
96116
304619
5712
301039
297229
91128
93334
6505
93497
94659
302053
163995
95658
165516
301887
93809
300781
92640
166156
2180
173449
91945
164562
298836
12396
300155
163377
3240
162705
302765
91243
95441
6527
162049
300406
162850
97416
166360
112
94259
167586
95082
97255
302658
301507
162587
166029
244
301408
298383
209
163894
166000
166255
300476
6482
94355
299236
94546
163430
303052
96809
164871
164705
172102
302233
164708
298274
166498
161137
95474
298750
10419
297037
5645
165975
97512
1527
165334
161071
164495
297579
733
167727
161692
3176
302976
1835
285176
3817
165127
166576
6192
161621
91532
165154
95735
95640
4847
161039
6530
164396
91556
161635
165490
4016
172364
300959
301050
93049
93880
1569
97198
891
300337
301326
6180
96604
3880
164418
96206
297608
166332
163075
9935
303558
93468
166465
299938
163984
282
167047
299200
300561
288639
315397
151624
1996
4628
2857
314521
582
166132
97131
302453
3694
161464
161472
1858
296736
14930
301583
165119
95906
95295
303568
92030
103
301623
2282
