300654
100598
298844
303076
298263
87538
94833
158
2861
163543
300160
2775
4499
297333
167813
1556
298043
297194
163981
299909
164400
92121
91816
87968
96103
95729
166942
3011
92386
164926
93237
6446
4271
91585
3790
297360
4315
4590
2044
302628
1513
162705
164685
95485
164333
307982
94041
162869
166777
5237
301348
94249
93561
167118
96192
175752
5345
1543
387323
5630
161173
167766
288317
167206
93905
163302
4490
3591
96870
4085
296952
165774
166226
159478
520
167385
162005
302750
87526
299999
162611
164548
200
164153
164283
297944
298668
163178
297010
161565
387803
3318
299744
298038
315629
165566
81085
94995
302403
96096
162758
91544
6240
92840
167167
302552
165976
297727
95502
161492
433
95320
287439
162801
298608
165428
1580
87423
4958
302024
93182
302651
163744
6232
301670
286817
95186
161680
162653
93356
97645
79698
161983
303171
94318
311186
301496
298761
91884
300076
1881
169996
386923
97546
96994
167057
295965
91671
299790
303289
93644
298942
164762
302062
6146
2315
5668
166068
1629
1214
161135
6037
92866
4891
97627
92444
94733
93230
91216
6045
166455
163464
301307
303141
166270
91826
13921
109556
95388
302019
299116
1899
163188
297555
301639
166889
303442
161231
92056
1934
2100
93930
302912
163444
8870
6030
301606
301190
102560
97450
162949
301964
302702
297
297246
925
4050
161845
95093
165402
3193
2225
87264
297586
102669
299601
95141
96767
92647
168174
307307
297647
301516
166727
96257
6400
95961
4761
162084
297230
97372
97295
300441
4790
2288
302184
92830
94727
95470
298001
163032
303096
97559
176841
388885
299335
631
1057
93572
985
93196
296609
94067
167363
299221
300861
97202
4504
167652
91946
2606
163166
5705
161577
299906
165093
1708
94329
299169
4694
95514
166482
297619
164062
167488
6428
162252
3312
301903
4751
297363
299696
303420
303473
16033
167024
386392
3090
164680
165103
300139
162248
161278
161553
96383
385029
164938
165256
162298
92080
300566
94177
296903
95496
284688
96778
85939
302962
161752
4550
4033
164238
301319
299502
163585
165977
163759
92551
6614
5440
296695
298902
92944
161912
161603
525
161521
285635
