302358
4311
300932
163208
4909
298117
198
388704
4654
93387
167822
167536
300605
176074
297855
95703
92475
163644
166584
104812
95596
5657
164481
5952
176413
94721
162250
3230
94867
157446
297058
297821
97272
301511
162444
295867
166053
87416
302914
1743
163785
298845
96123
96502
301922
94406
167031
862
164937
164767
93882
97689
96870
3613
166776
162703
4093
300107
299080
164586
166143
96813
299762
93790
166833
1457
95991
167299
699
92811
5736
381144
167097
178569
6338
164301
4899
91823
95839
311191
100429
165548
164102
301842
167589
97572
302943
93874
167451
161592
297990
96381
5009
1854
289967
161967
298334
162332
1785
387049
96081
303600
95050
300318
289316
166028
391712
1906
165762
87118
92924
302038
1060
386735
162988
165944
309456
299276
165516
161796
300022
96228
92312
4284
96744
97262
389
165838
300566
979
98918
91882
1122
94704
298065
392784
302664
165111
1042
303453
91160
92307
97758
300152
164666
300215
297123
93331
302556
95198
2941
1462
6529
94073
3784
2345
3779
165434
11384
302763
13841
391222
165413
300083
298639
91764
302523
298163
297103
162585
299290
3539
301569
251
96827
95252
303117
165002
91972
297460
389768
285308
103213
163121
298711
4074
384938
297960
302549
163398
300680
1214
93811
3224
164352
166112
2669
97749
164719
5180
298971
166605
95039
6483
537
167758
162261
165207
5359
3267
96679
162040
91754
2376
297335
92780
1659
102
95898
94430
299622
5148
298406
4389
167780
71
92768
96287
97099
302493
301523
4189
91169
298584
303290
166477
3487
94613
88542
3911
300570
162763
163410
161632
300941
299857
1337
167491
457
4913
93277
287379
296655
97361
93
164146
3473
162869
162031
302123
297488
298655
164125
102414
92505
302879
3813
4820
95676
95654
297326
164684
301418
3000
166922
299521
3034
166641
95345
297506
161780
153509
2504
298485
298446
291759
297097
161669
296826
94209
173215
297709
303584
298958
96009
162279
92321
297200
299533
1965
298220
92399
92803
795
301381
94418
165853
164013
3816
163599
162930
300485
102481
91642
95260
93995
298982
4734
3341
92159
90309
167382
303834
309226
299716
300346
363
2241
