165564
6103
299882
296066
6459
161289
95212
163993
92994
96367
6442
164322
164937
91615
3333
166375
161756
297816
14239
96058
1352
389961
93700
303556
94057
296764
301412
297720
179737
5700
96037
2947
1923
91796
388188
4376
2418
166805
165723
2505
300475
489
300591
97040
164778
6475
175671
5241
297259
2941
5705
1204
162247
307885
106381
167522
3481
299780
297696
94644
91798
161976
383537
4336
301299
2189
96728
3828
164710
167359
164159
91901
3633
165027
296672
302445
302802
3094
302073
163398
1999
916
164956
2090
5718
167410
161614
164851
92415
97423
12089
299842
6272
91867
7686
166593
3804
163112
91501
299121
84564
164272
299426
384416
95307
6009
302873
91441
91739
167080
296796
298770
301716
92425
3320
97018
299483
92567
165107
94401
301699
301465
166977
299987
93500
297620
5467
300865
94857
92360
298219
91582
164070
1909
300164
4517
5367
5285
165871
92720
165911
162186
300703
11522
161168
84921
161498
161772
95669
172715
165804
165274
297997
296934
298519
93800
162730
16616
302005
298297
91679
301413
95861
300317
297922
167516
164506
2646
303452
6202
4887
300674
164469
98270
40
1137
5424
96249
6413
162225
298674
299201
161239
95072
299234
163204
302649
164920
95126
9183
162074
297279
94369
298499
297483
168051
165285
5517
4945
167188
299675
165579
298997
302193
93112
2754
161434
97720
301156
97601
163975
163744
670
297126
2091
299726
158737
167670
298946
298155
300965
303354
161780
3522
298686
93765
302790
163053
94240
297183
6564
148
302486
95606
97367
163404
297276
97200
298066
4059
91174
312178
387846
303444
163255
96964
303615
96636
96289
3928
92297
85620
155689
92097
94049
298387
91885
2012
161798
164290
3844
302267
300903
299801
1575
302937
302777
166846
388916
6360
153183
2321
302511
303527
7199
5062
4603
92159
165716
93483
99690
297631
94802
157845
162526
159480
2798
384464
163046
2219
5026
614
299788
298003
739
297093
166285
3921
91194
157474
94969
302033
165647
93074
164020
90224
167159
301517
162624
1262
300824
15075
300671
163377
301945
302354
167081
11709
2560
164925
95387
5256
167777
200
298922
163722
162926
95847
