95126
92405
4145
94325
298101
163937
166388
2407
387513
12366
5800
1028
297715
161100
382596
1464
93591
95651
94044
161896
298691
299373
93492
154745
95776
298911
94025
283562
95687
163002
167295
92678
299811
301269
301567
345
881
5247
2253
382042
286691
165320
1819
296813
92985
163800
97209
302167
3699
4368
301033
91394
94827
3432
302072
162834
10109
92220
4599
91871
5855
295802
303229
12528
777
299910
162606
166547
95795
297313
1723
297975
164787
300805
91500
92285
94948
302543
529
154020
312186
66
3368
93717
307293
162004
303491
2953
163949
79100
96502
5657
164893
296659
297552
91295
302477
95546
161913
165706
164369
94833
94377
3195
97525
298944
96152
301867
167667
163266
301057
95850
165386
15412
297783
165380
5227
300524
608
164171
95295
2319
302710
97680
91277
303151
755
95183
5748
164297
92128
300883
96262
945
166659
92174
6311
161727
94252
4932
78
5362
93431
295500
3643
161714
4338
166986
300226
301488
97493
94133
298505
18057
2877
5146
96757
158465
165946
6324
5412
95070
302246
92907
311
162922
166327
166066
4635
100767
6090
96696
297238
303343
3175
92830
302028
3259
300343
301193
167620
3453
5098
308675
166857
92202
91775
300612
2831
96206
167101
150402
95064
302838
302826
301231
1019
163430
161908
4297
302212
95111
164279
385884
3583
165632
96030
4133
163236
97042
1885
165407
4010
164661
297072
163744
9672
177933
297545
163877
859
302799
162372
300113
167791
165846
166079
4245
94279
299682
2192
1996
301308
164595
95504
302348
52
93619
94704
384070
6569
4828
3244
300812
4499
97310
96435
2943
297946
4681
303350
297122
96802
1704
164646
1242
97223
298929
299570
302369
163099
166148
2631
96973
162995
5591
302696
3523
161403
306987
96234
5937
162096
161245
92551
93009
95411
167338
97093
92601
297319
6552
164485
3921
5121
299022
165041
167239
391426
164163
300234
301587
388380
97639
165582
86632
94387
99413
298584
92210
307301
165638
296874
297909
302593
97219
161928
2784
96371
301910
1880
300627
165739
167246
1399
300514
161158
163485
298328
164005
1234
88611
152995
6194
165133
176718
300778
93778
