3930
94313
166820
298333
92474
165788
1925
166322
3883
5488
101350
93935
91625
91312
3475
93421
2747
167455
299722
94425
250
285730
163803
381851
303154
96150
167021
297427
314952
164342
165643
166956
3840
166176
6545
302915
306259
93794
93100
297766
300162
300406
95475
1609
5074
166390
164515
163516
167132
286348
165911
97576
302263
5026
618
1457
305657
161108
163331
91334
314289
2736
296922
167356
298718
6256
303608
1142
93537
298924
92256
96527
161238
312502
94620
94410
301727
313393
92846
104772
2327
298621
6709
162809
97259
161218
93814
94781
92334
5339
2109
3635
303641
3148
95914
298951
299689
162192
945
301249
3098
2378
162335
297036
96935
95418
95585
5276
87732
92961
302517
161854
6371
162882
300200
299124
165778
296870
1931
300412
5755
294639
94795
6093
94485
4970
96354
164575
166415
1817
96328
164653
301255
97170
296734
95501
163465
95247
165535
94675
165438
302925
387923
3410
2627
95450
96209
5799
97651
303419
90672
94282
3131
3773
301169
161264
5949
517
108328
166020
164585
5350
164108
164562
165520
300843
92419
166295
95091
87
298644
166026
6150
94686
1445
167499
298411
303135
855
171551
297513
162824
164984
9115
91861
159682
166606
167536
3207
163210
299978
167630
5539
490
5446
301990
6484
300046
166085
164333
302364
92950
91172
4863
96324
97022
2452
93773
165081
162243
163664
4961
301952
164318
106172
297317
100641
166448
5845
163475
165693
87039
3295
302434
271849
92087
163403
95343
4266
5902
298783
165865
297800
4352
4276
4829
297201
300815
92103
301458
164681
5153
165070
300300
164697
294968
296776
93565
2765
296696
625
299201
3578
299483
298314
93382
94984
298630
166855
92013
163218
300541
167467
161857
302138
93503
93868
297705
1536
165476
10315
299796
1022
307272
93130
96874
92530
4129
6235
301788
161568
166897
2922
299825
164147
91484
387915
92652
163789
93084
3307
93906
162262
161820
298339
94128
386560
97213
96684
97799
297835
299290
162785
155892
161228
178318
303384
2502
302020
170388
332
297461
4029
303476
4555
106893
299259
303391
163127
97036
108677
96709
177734
312606
301073
162729
302731
166568
