342
5498
91450
154836
3161
302977
97702
92832
300295
161305
96390
164558
3371
167303
296985
300536
91537
162838
93162
156983
161895
162639
301422
94932
167709
103066
162953
162082
5109
163104
87596
3515
165600
163336
166410
166616
302246
4843
1533
296980
301966
5096
301498
167624
297276
161963
297796
94777
162043
298647
165838
160985
259
301224
161293
161918
1945
292004
297071
159147
3323
169786
4102
300123
298426
165074
385875
93751
165029
166286
82404
93337
92049
298979
96264
4681
300754
97046
95735
92022
161910
14420
296860
166926
303148
165197
166451
163660
287103
301624
91092
167161
91506
302433
95635
92600
95604
92956
4089
300389
91707
300057
301315
2006
94860
162303
97615
161982
383040
92509
161158
297992
164405
2885
165799
5717
97210
1921
172565
166851
298197
149421
97039
297478
2162
303403
96839
298117
166152
786
97309
93996
2603
96519
94393
163861
161739
162785
1017
97284
299906
4062
297164
92490
95071
168247
3818
303368
92799
166430
568
178570
5682
2493
4094
307617
167429
385588
302405
149384
296705
724
95613
301985
299157
6174
6053
299444
96300
166940
5866
93462
3808
1073
167750
301240
91306
167188
92337
302365
161737
1613
97074
91466
302676
846
166905
167734
165245
92984
165375
4353
299518
5692
308954
460
1264
163973
164421
96314
162408
164002
297118
96829
94505
303101
161721
303393
303517
298467
5410
299269
163846
2847
412
93765
94005
162228
301386
95575
92145
296888
297711
92189
95976
93455
309170
167194
94764
230
97655
300876
94593
95210
92702
3970
83919
97692
300811
97096
161230
81607
164325
164356
6468
6496
166320
297174
95086
301381
164756
97219
301342
94253
162661
3012
163014
1629
6579
297683
165546
5358
91261
299474
162533
92060
164961
303126
2147
302704
301977
1466
301594
299361
2397
300598
95192
3558
165968
1866
92617
300315
294813
6383
299455
167718
96846
97646
4242
301602
6413
163705
166677
2695
163540
4590
93346
5124
162334
3088
165493
6063
14530
3708
296694
96455
160980
301154
299161
17475
95958
174795
298586
171519
300069
102125
164155
4703
167209
163584
95127
310632
166626
301167
96021
5673
302856
97137
