76
1753
162601
95493
165027
162117
166934
299985
165261
166105
300720
5017
162061
300382
162584
301034
166126
303116
1244
305167
163398
4303
298264
300218
167602
300184
91254
300554
165727
162201
913
303073
302612
165121
96570
165733
91290
994
161149
167420
284019
164332
165103
297681
162451
165688
2988
315198
4652
302344
311888
94072
95860
165665
302018
94948
728
159107
6187
155238
164306
91776
1018
1879
166405
167139
163627
3645
2364
4176
4844
5084
302598
6510
301792
161170
95605
93661
92473
299379
161551
4954
298652
298275
299391
302484
166880
167531
5610
163861
164781
297920
1452
9458
162993
97741
3103
299482
166323
95361
92035
305879
9666
94443
300708
161577
298472
95358
2525
163599
162703
296807
94722
95440
299874
300176
96273
93060
166797
93908
150679
165312
313210
163084
789
165962
302329
4636
302215
444
166566
298908
1808
708
165237
158813
97219
161815
4286
12016
3729
96134
301812
302742
299346
386438
297246
298262
5295
140086
296784
4674
2309
19
162931
161568
152166
164759
301020
97527
153710
94382
5821
97540
92320
164221
97002
92991
5006
2851
300391
1928
4067
166782
385088
161851
162975
162343
91932
4551
2182
93093
3010
4941
97445
302048
94023
169396
93870
2131
96285
331
301736
300017
162020
91625
299096
2373
5896
167330
97158
165711
2768
284312
303161
96045
164570
92944
2355
987
302618
97438
164556
161393
301406
297992
300574
10984
94394
1637
12
164302
302151
1328
381322
97058
2258
302034
92511
2094
163671
164315
301118
301014
164509
303288
301156
300700
1828
161072
167104
167623
295451
96536
95941
164849
5580
299976
314455
167694
3292
5304
309068
3748
4254
93470
179194
167471
97628
300483
166167
432
299792
94993
97013
93322
301276
298770
1074
101136
4002
97145
3741
3315
166763
4278
298021
92710
167557
166340
297579
291797
298604
5538
94064
96874
5528
6034
166395
301208
297026
95186
313526
162425
300328
167379
98625
300256
2669
299686
4870
165894
316199
301576
298543
300960
5531
306183
164199
94541
97720
95152
163448
165208
92233
149562
96801
165914
303367
92070
165942
3872
95326
298632
299218
301660
383979
93039
