162768
94991
95413
298647
300227
93728
92981
303337
163005
469
302895
1939
176538
98754
299868
4962
162520
165578
167555
301768
3327
165347
303175
164977
300842
167825
3698
166896
6400
162553
92562
2226
1612
91136
4055
2806
300759
93605
298430
298924
313075
95477
963
633
165070
91255
303348
300211
161901
384668
299055
166205
94349
6294
292861
5492
284256
95034
95525
300313
165309
95407
300687
4118
297248
162947
91688
2440
175860
163400
298996
101858
2854
289402
164090
166698
4877
300625
6113
96682
303184
1991
300180
299919
94754
286849
165254
4875
92594
93844
91447
93583
314444
301383
91916
3893
301082
3231
158281
305814
173154
299539
4315
155384
4616
296997
165612
94376
302144
82325
105856
93025
164101
299968
301625
384765
94212
166822
297520
300753
163709
92676
95964
6352
163898
166879
2303
164564
298093
93168
288727
96405
297201
96824
300447
302787
164367
197
5620
167481
300934
5971
91855
93476
164897
94623
297690
165658
8906
3014
167323
5302
1289
164534
296693
298864
95732
242
3714
97217
3067
165816
92314
94077
301689
3170
3294
177810
1058
159458
4026
297504
296880
4308
289897
1332
161010
5362
105225
97554
95313
301970
289191
92125
5600
92896
298506
162805
2351
297686
163569
5771
18133
97430
297491
299371
94792
91743
287879
97255
300482
97612
94020
301752
161967
301299
302655
1183
91346
301426
300942
298747
161207
97057
161695
1487
164173
95540
317
95040
94261
95130
157150
508
161582
4536
95569
94923
164751
164675
167838
164471
2591
3855
4480
95852
167765
302359
91647
529
297383
165641
166183
97235
93697
302685
96137
298245
298300
161479
301041
875
163699
299166
95179
4698
297136
97523
91815
298803
298389
96724
93393
5179
164376
163841
161846
167384
3387
2827
297854
299681
162614
93214
91703
2494
94699
166602
161224
163556
164077
92231
161300
87581
91572
108337
6066
163942
297181
300903
384356
934
4067
74934
166244
299585
160958
2267
164154
309396
1537
96117
96934
295909
93395
93747
5110
93055
92148
3915
5332
162178
5339
96875
312272
300970
301962
300464
163269
4015
300951
163016
301056
1086
297533
302801
165132
5802
