1998
297184
3384
161343
94929
163832
3602
97687
1010
5038
298310
165704
386060
412
95469
94639
162749
93176
296048
95953
97552
161831
91770
105076
165034
384313
300640
164667
89733
300265
302067
291427
299684
297011
302958
95764
97044
167373
97776
92797
161100
165287
91610
91895
302258
104886
110108
1161
4386
97294
161373
166402
302813
164204
166421
2043
161669
299994
161506
4090
95331
92568
306051
385623
917
96707
165562
94090
94727
3995
163861
91679
302461
301190
302054
6525
163010
164284
94454
297825
167043
91345
165116
297956
97567
94556
93520
96758
297795
166836
166327
589
2826
95525
165550
165284
167500
162728
93488
1368
162483
96734
5620
163356
2671
814
301292
303381
4326
94276
92813
93370
3818
386286
96388
2506
95424
5346
16759
91388
298300
92022
6165
163362
93794
297268
2649
303238
96287
170899
93382
4639
298509
297638
164045
84111
165795
166478
298501
300871
302472
97398
163349
165531
166019
5926
94828
300992
5608
296914
5943
163872
302295
3268
299735
109717
96799
298589
92222
166337
298621
303016
297878
99547
101523
299792
91639
91554
4206
164380
301701
171879
95140
164727
161214
161134
164942
97372
93714
95803
6376
3444
95276
91926
302291
301475
303061
297018
298490
303387
165191
3833
795
96328
6542
226
91562
22017
293145
103091
6568
4380
299348
1686
153544
95661
285
299136
2427
156794
96439
167487
162379
93249
297290
162245
151309
94282
166244
299488
6282
301574
96029
7263
93078
167632
92783
302430
161112
93672
160158
4334
298765
301413
4579
4713
299248
303298
93400
302629
6513
163501
165581
161864
97728
93146
392132
162540
10012
95132
162115
313047
1519
1323
164521
17032
95821
12214
1949
106501
161795
167443
2181
162607
297620
164293
167825
303123
164748
4051
166462
16397
162298
91483
92504
162903
298096
93203
299528
298520
92894
165327
167016
94955
95518
27
298911
161351
5700
298178
3660
167794
302554
1714
97403
299905
162895
300280
6146
5709
2613
1403
93935
92830
94069
724
300785
301664
302654
93028
5136
14032
300539
4894
163402
93630
298034
95828
303307
303252
97583
92238
2143
302694
4516
300546
94860
94845
