92469
302738
164903
300815
303626
10211
166167
95838
164888
162256
163468
1380
299050
163485
96416
166312
2227
167153
3459
301213
985
2923
95013
1535
162457
91726
298500
95429
106506
163123
93934
2884
18668
167844
163214
16423
3429
6137
10600
2055
3256
105
92388
95693
163496
3224
162240
299298
3821
165790
5903
91667
1926
4975
96859
299672
2330
5671
96809
96552
299211
165130
162615
302137
91229
302440
162800
166219
3137
296695
94170
167080
382470
6347
163977
162153
287431
6509
161458
92103
93834
1255
91281
178872
165305
92165
4718
4738
302791
93356
164760
163341
300520
303150
96062
165912
162070
93128
300043
5049
6030
4677
2209
13341
298796
163298
95517
1819
297924
167068
164589
301043
523
92133
163975
298353
5334
300487
2930
92129
3957
91189
300513
302318
300858
167344
298351
302065
302473
162578
93087
299342
293313
3507
165659
107022
95476
94867
297099
300016
94898
292467
296767
300757
172999
97101
2853
164601
93863
287625
307130
95170
302402
4994
167645
299028
297787
93900
299087
300424
161213
1741
95990
296816
1196
7329
5603
161725
95902
97125
165141
166814
5866
96270
92780
93665
97552
94136
91632
3119
298262
303167
4253
161251
96801
2194
164226
297776
163730
289346
298572
96332
4801
299
301897
301873
95029
6191
165503
300680
299888
92306
161980
310150
2550
297435
4109
6174
87393
96689
166888
300987
296680
297945
108119
164178
296934
5806
1673
398
93567
96844
300164
309164
5261
3724
302814
95797
299926
4424
294412
162968
311066
80869
301351
3998
163880
4064
161648
4093
163968
162778
300624
95679
303334
94680
94413
6547
165872
883
165185
167341
6994
1923
97383
6614
105415
166355
94807
297535
299385
164467
163283
91253
91679
164784
5877
302285
4274
166277
169692
299731
96085
91947
165603
4102
297261
4374
308571
97715
115
288299
5269
302391
166514
4867
164327
108687
162460
1904
164359
91499
167168
167841
94599
301595
92925
94229
164587
152990
301405
161672
93431
1295
166546
1895
17473
2005
297482
163985
163365
97441
161951
161238
1250
299719
298588
298099
385597
163707
166655
97108
545
161728
91915
296901
300874
166518
