91751
161302
92302
92678
5091
95310
4092
166820
301102
94894
165136
91135
297760
294573
4650
180072
1234
92511
286584
166675
1679
91251
4089
161531
2202
164420
1406
2323
292957
93324
96484
163892
298386
2088
93478
3728
162159
103349
1794
3380
95915
4467
161222
154584
5492
95416
3149
164270
163524
166977
302055
314972
165208
296915
392404
5378
2143
163555
302515
164697
303638
93071
93625
164837
390349
1549
95901
162706
297773
91661
301132
166099
166133
297242
166544
94977
299876
94644
5768
301885
5792
764
91463
2566
96996
301162
4810
301872
492
91134
303154
163686
3069
161885
166560
233
163507
1584
163811
302799
301757
166114
156
302429
2593
162691
2432
89362
95137
162206
296643
298519
164763
945
306575
165617
93169
164018
5531
30
93601
95984
85066
296822
302067
300589
302346
81698
94853
163710
97393
4978
3747
98792
96736
162769
300197
93651
302289
301310
298908
92171
300118
94122
452
303519
2193
6234
165334
2847
97721
298689
314692
6506
165577
4449
2168
92211
302705
167040
301777
165511
161637
3288
93744
167201
298198
6465
3006
5273
164081
171228
162079
97281
96878
3206
300686
162400
3159
3566
162411
23512
303126
302271
162796
91929
101282
286653
303659
301388
91301
307779
301587
91777
164813
6259
164410
92474
245
789
166360
162451
167756
90713
164922
303372
92137
97135
5842
514
5576
161329
95633
167189
297200
92925
97433
5558
166486
4872
150623
97710
299885
302753
724
298822
161750
164973
287911
3295
300020
297847
163777
93092
297252
96847
310
300708
165854
94539
167009
161735
298912
95884
103782
166467
163270
4636
296888
1659
5640
299527
6252
2663
301906
298408
303267
391130
302520
174485
94668
303022
156937
301108
296662
105294
297919
166198
300115
4618
873
5259
165239
96357
6274
86922
1665
286916
94145
300369
165384
161812
297693
166682
95329
92668
167375
163017
92216
511
97035
162326
93961
2159
163035
4759
161252
298158
97339
167075
3845
162979
300224
3154
298814
300242
299223
164525
290936
298009
158616
6357
161976
92617
301749
95601
95211
95064
17960
297829
166063
161318
386128
3891
1358
167666
5883
302968
