162050
165478
6408
5919
298639
299151
2755
5730
94629
2802
369208
5126
92709
91514
167481
297855
6015
5346
163218
1232
96279
97672
164808
710
302953
681
165223
298359
162311
11244
2442
166193
2328
302060
304544
164120
164565
92255
303196
164759
301562
297192
92349
5903
3858
97156
1507
298133
15447
164534
167348
95225
95931
162045
302602
167829
3783
297712
302368
301047
94936
297738
5714
97357
162157
303451
170288
92249
4613
168555
5367
165774
93513
157780
163607
3175
299750
298716
298396
96593
154431
390694
164367
165884
95539
302749
93769
166860
302442
93850
296997
301577
298069
162408
167742
296747
81364
165128
155212
303312
166660
164705
13144
300084
96624
4238
287084
2507
97438
5677
167491
167343
300942
10147
300108
87444
93390
97267
164591
155811
91303
2003
4395
92507
161784
302811
290618
165533
164060
93628
164339
221
500
165297
299430
165207
95914
162484
299922
1722
92321
296944
94158
91297
1754
296660
163089
300444
387029
176690
297375
152232
384122
94540
398
161216
300693
3813
309126
5822
296880
297523
296885
93519
298737
16777
161528
95248
164168
162079
2451
297631
300570
163598
167820
302258
301461
91850
96601
161659
300964
97416
6286
97151
95046
296707
303576
4731
96258
92950
96887
166683
302571
166218
91233
96454
91167
300541
298049
95042
5790
91794
280
97068
97007
93395
297380
296899
94152
299772
3394
2795
97155
301910
97581
106957
102357
161379
162781
162930
162497
311
6038
5957
91603
92704
96656
314731
163298
302719
101612
311109
299507
302855
301996
385552
163891
167100
94318
98363
6138
301140
3225
162941
94996
101677
1653
299105
300236
297117
301131
93831
167602
299025
299473
161566
4178
92432
4132
96351
4541
300143
167956
11364
166828
165339
302959
151682
625
3219
94724
94280
92963
163589
91935
165156
6456
93368
166991
162856
1444
302406
5387
303410
165972
297619
3934
96246
298884
97425
306037
166539
163936
5720
469
93839
91726
297608
3047
2879
162775
90161
3544
1848
165852
58
160926
3473
302714
3640
166649
166183
94816
167138
163030
163770
4816
301338
303047
161649
163946
301716
300264
97601
1445
162304
162688
92487
