91355
161815
91536
1203
96158
93149
167831
161826
161328
163248
5121
169209
94892
101155
95222
164764
96434
538
163978
4598
161547
157144
91094
162104
95880
300806
164410
298777
6002
298218
164270
2583
4296
162320
301079
93133
161847
2758
93522
12101
165960
165531
4890
80727
163009
300157
1346
6057
95123
302346
94432
285694
290544
95416
93096
299526
161478
163602
1393
91465
6469
167146
306440
943
302733
387417
298058
296923
163127
106602
386263
301404
2593
97324
166904
302499
4337
299052
167164
92636
2837
298590
165181
301323
297026
2562
92038
386645
168482
91543
302808
163324
97458
301602
301202
5904
297539
95915
84309
1720
164783
3665
296835
97548
297907
91751
298484
94101
297634
167143
3865
387864
300507
3398
302609
2922
5747
301586
3123
3707
8457
1335
96145
166591
296653
300271
97588
37
1785
164903
92112
512
301897
95333
1355
164072
97786
298341
96366
391231
1130
153818
175701
2448
299626
296733
9434
92116
373
94881
300125
5846
298772
165440
166329
2877
163439
297611
1571
291651
167798
3740
167592
302116
299214
4943
299663
5103
3450
3803
167701
1956
166489
163338
91272
158615
3932
296723
298170
302738
96819
4777
97708
301849
501
164943
86617
162723
299123
162028
3510
301579
298289
6062
958
299589
164696
297372
387874
299905
165546
161414
161834
5726
94162
302154
301442
297317
524
108058
94006
5086
164303
300794
92507
162463
303486
95707
164477
92106
148606
16567
165085
301430
84694
1092
300748
298472
94233
166685
167647
1421
162308
105027
167731
93425
163706
303277
296642
162211
303552
4696
308061
3295
304549
299165
97765
3108
542
301330
95834
165151
302423
165829
299916
92213
95402
92900
3986
297031
164850
2277
89109
300496
91168
92841
152029
302187
244
18036
166918
2396
165075
163587
300934
300989
1973
162679
167555
97625
162584
2182
164899
141
93848
166878
1273
94776
297019
93127
96557
287642
163932
301711
300631
161357
298050
93567
4321
164747
92077
91760
96594
309
299357
91747
4784
97454
166302
162447
166608
291039
6202
94394
92239
93549
300089
3978
94536
303170
300069
166212
3463
94061
163716
163468
5371
299899
