92450
301486
176974
535
95428
301326
293748
5445
5704
97110
301949
95689
95446
96776
161999
301005
92540
2644
296998
301962
96556
302484
303274
1446
92753
171202
300687
96907
299115
297452
166637
6508
10802
91698
163175
299514
163603
2976
162052
3163
161818
298096
303612
93400
148804
167288
164582
91397
298212
94862
6406
90028
164833
97174
284
163727
302506
90724
166298
96736
313342
298967
302717
165862
93715
163469
303530
162910
95572
91282
300069
81337
5911
165012
1077
299214
829
58
151817
162857
296974
1012
4743
297999
306456
4209
161076
164148
91166
164473
303008
95453
163874
302139
94596
301951
2232
303645
91716
155678
165827
1368
167391
413
162532
301391
94248
5636
6527
388239
3263
6018
94629
4159
166647
164764
94728
161825
390292
713
97648
297103
93799
91500
167052
85068
1501
162545
293049
5280
297345
298639
165664
94100
96023
164306
3116
87060
91685
167749
95198
94310
5538
300241
5512
481
94903
4889
301027
298869
298132
94609
1040
6012
96790
161621
148507
92583
95396
91352
296933
93379
162343
287579
295665
287588
86083
160959
298027
297632
4188
301810
315655
297390
93994
303153
166870
305876
305530
161002
166775
93002
4133
167069
93072
162973
299408
165733
4828
91193
97344
92097
5625
93501
302611
95920
4770
2975
3534
1095
179507
162355
96318
166027
3397
299813
98572
162936
657
165709
96830
5099
6188
4680
104628
167777
301140
299625
302814
157600
96205
299875
5369
164701
163123
161379
106152
169600
163433
93457
92560
167186
346
167125
94040
2026
161062
297092
96044
93184
302322
92864
165316
96385
93767
152273
92987
166489
94409
164314
2645
163577
2449
301149
298655
16198
95437
300725
94444
303432
788
5159
297651
302911
165054
161841
3360
6601
302915
300882
5643
163907
300011
296465
164721
165814
92346
161744
164636
3519
2770
311640
297836
303218
1487
300898
94223
161409
93243
2015
299728
300920
97291
5900
96286
165192
95328
301461
296679
157225
155124
4150
300533
91311
162381
91838
1756
300319
3713
92945
162696
93559
299098
96138
163150
96436
165870
300584
167415
162469
2009
166385
303266
1248
1462
165764
96944
103237
