10733
297949
163357
96677
165150
308953
93476
5104
224
5766
5002
3573
97407
93731
92540
165466
4738
302113
4161
161051
96755
164417
644
161527
159811
2990
1481
91015
163121
163475
298187
303328
95937
163077
297
160981
165479
302630
289205
299168
302598
96621
298171
469
2109
300044
92962
301120
163322
165040
298715
164035
95625
294588
1516
8678
302095
162804
13089
2822
166800
294385
3563
1621
164556
166831
5410
162740
202
304114
91334
161599
301940
300615
164272
92966
97665
18318
165894
298950
1797
2053
307198
149297
299208
92527
299750
95293
91780
93679
173530
81631
6344
162615
165853
1359
97441
3016
96314
303636
300199
939
2659
300810
96132
296747
301710
392165
163050
166941
298089
95768
166699
3652
97099
2911
3667
298859
166341
164037
96952
298575
96294
93365
162963
16590
161471
166556
302668
300575
300375
1585
3267
1200
94578
94965
300424
162258
296707
3051
164042
94994
2347
94399
299745
2791
94496
95289
302297
302281
296595
6524
166775
91586
302754
172423
167217
301843
387040
167379
80819
561
94209
297183
95165
5340
4384
161769
299162
166631
301937
96917
164896
3837
297288
4551
381561
14199
303274
91141
166419
4206
6320
161745
6234
161414
302379
94000
91163
161396
162328
165069
91295
95313
299667
166535
92175
93054
298599
165471
166062
80
297098
302687
166045
6052
2439
94249
300224
164439
299145
94127
164401
297873
2032
297598
1022
301496
297129
1349
298044
166387
303135
97488
94059
390134
2896
157724
167492
299526
302241
165230
2249
163781
173799
166056
3282
93986
15049
4144
93965
167558
2676
95041
92135
91629
167781
300360
94698
96738
163626
103599
91262
299554
166282
160931
296982
94857
96324
95698
162622
167473
4685
287870
163315
298404
93083
163597
162109
297750
171480
92097
164113
1175
4911
95841
387529
161763
3550
299437
161446
153085
303046
97018
301887
1655
94646
302556
168043
302109
174820
164612
300861
96104
6560
299702
297051
301461
167403
302738
301671
161639
299982
300953
302988
92913
161289
303172
97076
95413
6302
92873
301368
91701
91800
166202
5923
165446
302912
161268
163293
179473
93010
285738
303595
93169
761
301893
