158167
297407
166965
299534
167224
6500
93200
13351
164274
167008
390945
162279
163435
165606
5581
4569
302049
93006
2389
298007
166243
165974
97530
299719
299991
95438
301216
86162
167140
297649
96109
4853
162257
11243
298039
516
299259
101177
297992
161028
388341
302584
301130
2786
94437
302375
300292
2506
386365
299686
172414
3994
95098
165099
165393
303333
298870
96506
167784
97601
95124
2020
309684
165553
97238
1807
2384
4545
1041
95420
161227
300011
91800
301499
303432
6590
109882
3106
149911
92715
297678
94267
161216
92280
300095
300160
95048
94869
298723
4118
164385
3047
162173
296831
292925
97439
161806
824
93727
167773
3823
301801
165123
296922
4689
297324
162355
94307
299375
308599
172552
96242
154346
164548
161342
96484
92817
1785
286702
299829
15106
97671
93612
161711
3709
161581
91509
166794
2903
93835
2214
95243
91164
167027
298945
1069
164747
161650
95832
165287
150133
93656
298086
171685
3676
166215
165000
302743
92551
167552
1831
97117
94257
162075
302444
288869
162702
4960
94736
150960
101463
300526
205
6443
97514
165361
858
96752
92139
163618
591
97065
300469
303633
92898
6091
108396
164687
15205
167413
165318
300415
174359
288279
6283
3460
93355
6251
4021
162524
303063
1226
95619
174960
165682
95147
1461
300401
6169
299249
92291
297966
166764
166281
97288
302722
163862
97717
166414
94701
165139
167519
296911
300235
300581
95662
95529
286386
6452
91798
5192
164029
299196
162040
96665
162809
163892
1690
6508
4325
96335
94012
94016
558
1446
817
162026
162313
298584
91310
163034
3272
289738
301031
303186
298560
6532
1623
165790
80044
301406
166121
167388
5968
164186
163484
164357
94489
92189
303459
11187
299145
383096
94769
6272
164791
92784
296807
95329
97301
2633
82218
93897
3501
166204
167190
302691
92478
165830
161047
2368
302255
91550
163871
165856
164102
300624
5791
1063
298208
306608
1456
92092
97372
161749
302515
299692
302662
10502
5388
4845
161185
169081
163147
382182
97508
6351
296655
299393
166064
301814
5638
300767
94593
1140
5870
166779
4408
167833
91295
5112
164099
3381
96112
165294
93213
301372
298415
