3901
2036
4451
96203
97623
163742
96032
161139
91404
93320
298174
298641
163768
96749
95064
165249
1127
1083
2189
307741
835
3197
94698
85122
91654
4892
303154
162834
4103
167803
385709
290821
297083
161079
303493
6207
94886
290247
302391
95259
172552
95676
4914
96391
95200
165079
94679
314
95729
166175
6515
95487
96231
97637
162255
300728
167481
167610
163234
164538
165704
166391
299436
162095
93632
95056
97449
299549
93920
400
93950
92572
302855
163359
302927
166962
299921
300739
95100
302089
166800
301312
94042
300839
166379
94125
1670
302514
91203
2884
2142
94026
299466
298385
163223
161917
301208
299989
95650
386747
164416
97222
96556
3682
5766
91303
299564
302954
4191
1680
5481
382293
302869
301000
166840
2523
777
167022
91787
303015
300286
164148
297522
91943
92283
167313
288192
302742
176869
299352
6259
4950
5299
92833
299727
4286
296157
460
171638
152792
96142
101551
96822
1517
162470
4801
298116
161490
96702
93056
300345
167709
1250
303400
3519
3566
300657
89321
152729
302440
164481
280227
91707
95919
97038
165552
161758
297492
4547
1594
300876
163030
5464
165457
298308
2970
303203
165303
299993
165882
167342
95881
3748
392807
299115
167077
2855
164882
97424
303148
165508
4471
96114
303273
839
86416
91568
299006
296958
2371
6608
6217
303653
92094
299842
313133
166517
298398
94467
97134
167273
101672
102172
298348
92374
4672
1173
301641
163639
299278
300148
162602
2147
94353
294928
97137
97233
167510
93116
301165
164543
163644
302410
302794
301116
163514
300404
162589
896
568
5571
299066
176752
91723
157709
2869
162824
4810
303259
161291
97299
163542
172715
2684
297214
5840
107326
92648
299444
95536
301350
96709
95465
3377
8423
301798
3972
2865
164191
160732
93791
153925
4159
93048
297225
166680
161858
93170
166042
88510
166514
161368
165588
2291
163719
166618
296951
5726
95068
163534
94578
301831
296930
164917
299958
297592
162816
162142
161546
91630
3153
94294
95931
6189
94213
6071
296912
92118
93453
384491
5972
301568
300487
163095
94173
312623
164276
162867
156524
306922
165636
96893
161786
164171
5521
97214
298500
298185
