164804
303276
98347
6515
166113
92976
164780
162803
389882
93775
301639
167342
91833
164788
162084
299768
5641
95602
3064
167262
96854
161924
302793
92034
978
97411
93257
4406
15456
96802
302435
303609
162717
5270
1871
163825
298794
95090
96248
162883
243
1483
300504
6059
2450
87726
300897
6299
161944
4228
3900
299662
163973
591
97196
300556
93085
297433
165986
1620
301910
91556
297892
165615
301807
6382
164346
297458
156116
166712
95005
302172
298217
97213
165108
387838
300998
298582
164356
297099
297317
298648
167670
299164
297125
298019
311210
4107
97111
93974
94285
296831
300275
92388
165768
93428
95269
91118
173699
93808
162766
303440
164770
1591
93440
1803
301945
298529
161596
97451
3036
301752
93551
2470
302250
165774
167432
159508
161453
167181
95917
302572
16122
3993
6568
4164
163162
86864
165055
163075
97497
94800
299580
94268
94511
96957
297790
93287
151317
161758
166147
3769
117441
2392
91318
1890
301250
162920
150514
163674
298387
299147
300464
1886
302691
3497
17799
288943
5356
1469
296933
164376
162574
161100
298336
300033
1059
163993
93597
94114
163616
3089
97175
91150
302308
3129
4122
94052
4530
81693
164547
93642
96412
221
97724
3187
172934
160975
6286
162275
95081
299048
166254
6159
2361
97055
8872
312816
98816
300537
298003
3637
164583
298917
149146
6179
7341
94462
94163
161127
93298
95476
163458
9501
93047
3997
4930
174557
101764
163070
93119
2628
91127
149405
92497
165583
166143
4937
96484
92996
96020
300302
83015
299879
97801
308308
5730
303348
92643
167719
91142
297178
300895
93942
297641
297994
5197
166568
5700
163900
303556
4994
91926
2550
5537
95885
302314
10126
166851
165705
163007
91278
304967
94288
4475
161524
301155
5325
312091
165660
5928
163930
2154
4686
2849
334
1386
4324
300680
166424
96287
165846
95348
95172
94904
92213
199
96556
303047
297086
164341
303029
93949
161032
95330
91576
164283
94853
387104
4506
298798
92118
165241
306951
162911
165177
5156
300449
166809
303654
5586
167617
166130
301976
845
92310
298992
163342
300789
165905
301333
297859
3319
302739
162347
97732
167638
5281
