300003
164585
162449
164792
85529
2428
97480
5058
301391
2320
96760
152200
324272
97525
2693
92891
95120
170577
164487
161446
303130
433
97629
298445
4033
6290
301575
166880
161487
164455
92640
166543
179962
163345
94624
165141
298972
109681
161909
297876
95461
80179
165470
2644
97749
164381
163943
94242
80
1175
301181
299493
85018
164288
2269
163742
904
94679
300851
303419
163958
108601
1859
95482
296006
2149
301007
82556
300537
166846
161431
303218
91555
391252
95658
164445
161090
164010
165286
1000
2939
93470
299813
864
91922
93606
92974
298532
94533
302431
302148
299380
2182
3222
301151
106779
93214
167039
166524
97086
325
1571
3916
170009
167292
307024
297122
5678
165928
299372
93754
161899
91418
751
157231
96322
301526
261
303067
91931
302816
3484
302801
93079
298980
164958
2593
300700
297896
989
299078
170676
299863
163225
81709
95056
369895
4485
92383
302006
300388
296942
300405
84095
165760
302210
298368
2762
833
297607
301714
299692
165576
92750
3779
302598
167657
296964
91246
161294
300657
162900
156254
1696
91756
6079
163662
163760
91312
301799
302271
297968
2711
91441
167571
1932
301461
303518
163333
1230
167737
299387
5124
95587
87
163488
161547
3215
301347
93203
93530
161705
97261
164421
298699
299885
301845
4740
82746
167317
166686
3838
1661
4729
4907
164828
813
165627
297855
97030
94872
298521
5927
300093
94226
6319
162269
162404
4726
294084
5798
298112
301232
97428
12659
8695
96130
296779
508
91414
2537
162505
303347
162113
296699
165359
165977
298092
298255
91449
161802
164678
95758
93180
53
298219
302944
94940
297508
164088
5991
297321
297637
163593
161565
2141
164687
92499
94719
96019
79013
92481
297673
296838
92141
298794
96478
97444
298184
3394
302074
298482
5728
5443
3259
95822
165372
299233
176835
162566
383402
95750
4770
93541
92985
5566
4460
93627
167485
4487
164348
307973
162993
167760
95911
5330
9653
109180
162395
1477
297208
6470
2659
298721
4453
3002
3062
300741
298957
163231
296990
388794
310811
166436
1841
164134
6025
82905
2059
166970
93316
297233
91772
4346
303205
301823
299460
298124
