166202
97256
384030
164926
298256
3853
161530
94177
4474
303142
1888
95195
160984
4548
4529
91575
314969
3779
300422
297206
96460
95177
303497
2071
302424
550
165275
96405
5167
303088
300097
93097
177517
380844
5067
87740
174541
93360
5114
5347
96930
94842
153332
96235
6067
300100
94502
289205
165671
298277
161020
163493
3039
164052
161596
164616
5897
164807
576
3829
96219
91589
6265
161876
2414
164065
5528
300439
288369
298599
93562
90145
164224
161698
97279
79651
2475
161228
5304
9190
165544
164507
164383
94823
165301
91444
325
300108
96671
1429
4869
296976
165868
92176
1690
162874
163582
93600
127
165560
97535
92197
298449
96476
217
6241
165750
105223
96470
92457
16018
92339
96694
4887
5971
2173
96918
4202
302284
162981
96793
97298
96437
