170268
97630
6046
164433
93690
163987
6390
162692
91406
302677
4442
91286
300172
162405
6141
162008
165048
163975
95245
1512
97277
96075
302190
93001
300521
302076
4712
96626
300746
2402
164630
171336
298688
436
6270
164493
298901
167082
97444
297337
298728
298571
301578
4036
303215
301830
165044
295855
1367
93751
168668
167717
297342
167316
297775
301797
3304
298991
298842
167749
93706
5516
165913
4881
162429
162318
165483
80650
93470
302906
2526
304249
166345
310670
155055
91509
6383
103274
2086
165233
149735
164615
14689
92686
3822
382662
302970
96101
151346
296715
95925
90044
299763
313860
161452
289837
298356
301153
93951
97488
301415
95896
94104
97467
298340
95413
93628
3723
162908
166462
92667
96521
300851
4977
5909
165433
163605
94448
162878
164121
166821
97215
94367
163932
299699
167115
164351
155089
165861
160950
166839
5818
152346
96918
4684
299690
94467
107537
167415
162224
298112
96736
92676
163507
239
94018
300215
166531
301064
97702
95164
102446
1628
163678
162838
92384
296943
777
167370
94728
92863
5769
95606
300665
297546
4345
5714
385440
784
165149
94719
91978
166323
164101
95766
298962
297500
96936
91652
96087
164927
91811
303273
296773
163658
297142
166452
13256
2920
2566
302310
3645
163534
384570
161459
1645
300329
299500
165813
162047
2043
28
162162
1284
299643
302727
852
5204
96374
299405
166608
166758
6356
104478
97363
34
97041
5493
1152
162660
167332
6584
299304
165371
100835
296791
296861
165612
92381
165458
2212
166037
303361
1715
6201
91419
297303
297169
167327
166696
166775
162185
302534
286984
297944
163061
91389
96812
3432
95026
164403
166852
92776
6299
98808
1447
4741
299390
6244
164037
302223
299905
301936
165337
301861
2719
2931
2159
4291
296763
299977
5422
300563
92083
96156
91535
3126
95934
3562
164850
3495
297652
885
299261
302476
162432
301232
4114
300564
6091
303568
165828
298882
91972
458
5100
5262
165566
160944
164709
298510
4791
4095
5567
300799
167285
95506
161889
3899
298047
166583
5341
102918
95641
97095
162871
1638
2927
303098
92191
303071
296954
13036
167764
96307
161380
95124
93176
