2971
360
163606
150623
161953
300177
299023
163619
2752
2056
83
300281
165995
164179
94749
5646
297553
167085
93867
676
300462
1162
162240
296706
164499
2007
97763
92273
275821
303088
4768
163734
297930
3186
161239
298681
164918
166979
6309
299930
96912
298323
86691
163231
298054
278292
91761
155297
165268
300913
96563
1366
164728
97263
298510
7637
162205
302724
3818
312837
161861
164398
92361
313373
871
4851
91801
94874
298033
301446
3593
301284
1413
4042
300411
3722
87176
2876
4541
167030
1981
95010
94443
95534
163187
164505
301376
162943
3908
162899
99832
166084
299542
95387
166750
91163
1738
165617
93601
164637
300957
303151
96576
97337
166447
5538
4299
302293
96823
300008
164460
166556
162885
1257
167244
7683
5489
2349
309543
193
177930
399
299374
5045
167641
92071
2100
161380
94688
165048
299413
1637
2356
96020
4406
662
3361
299364
6557
299384
163254
2654
164644
164225
302923
5365
93395
162921
162516
103424
300604
167795
164386
160946
166902
166976
300100
95277
96000
2146
301869
166533
92899
302025
96219
91471
164351
93218
93877
91687
94413
302494
297486
98726
3284
96990
302984
287393
5235
298425
6188
164927
96546
299661
301200
94788
308156
298469
165156
95674
303322
302703
96286
300522
164183
5935
297201
83080
309389
166258
165419
156594
162652
303600
97671
94119
170277
6180
292
297637
93471
303567
167658
96779
164859
92807
161606
163776
90580
96269
163346
285565
161365
2390
165945
3648
301731
95011
2543
166181
97253
4785
313179
287341
93448
3813
297058
167453
297889
2277
99817
90981
2927
298110
298559
3196
301940
96742
97510
299017
165162
300666
302205
300538
94300
303224
6723
296717
93545
1172
167465
161143
297356
303439
3577
161767
97474
97113
297845
5885
95411
302185
5352
164991
296931
5986
2361
163986
300840
91879
300204
92603
161591
166759
105160
297594
758
302058
291458
302409
163529
96375
303523
107146
92728
299811
94883
163411
94648
303039
93173
81831
299433
167693
298992
4116
1094
297370
97624
91440
163475
786
161926
6913
97688
4633
301771
94246
2888
297441
96046
93455
94665
95933
2612
162163
3595
5152
