162122
482
93291
94237
91869
5230
96780
301572
301907
94928
162388
163267
97711
91519
165058
166833
97350
160957
302256
94100
300310
93708
255
4174
303591
93287
92948
165911
301244
300083
302235
162507
167715
161660
3037
97186
11239
3444
865
161827
95706
296787
93652
300389
301581
162259
4822
96686
159005
95340
388768
95536
94959
300848
1143
161474
311370
167013
4577
96065
162684
2963
167746
312132
6178
94017
7286
165139
3678
287237
284
3986
297639
167419
5655
161694
165294
97228
302113
6436
1501
297520
94662
285423
94218
96875
297763
301788
3746
164876
166226
92382
297203
384483
164559
4988
95969
423
3955
298604
301936
302463
301261
315183
97489
161405
297464
299221
164212
94344
300036
6493
302571
3488
4761
293
93903
163134
166288
97141
161122
96151
5906
92324
5144
174039
97592
168852
96431
95730
166399
298403
163554
102726
5222
93085
302652
289268
165739
302834
14728
163680
300237
163163
5122
97484
86072
12232
3327
162585
96169
5731
162424
300522
300426
6025
4621
301699
299168
167519
6564
5725
6522
297395
163637
97165
4341
299988
107815
301938
91251
163387
299343
296651
97572
166113
93766
3911
800
177645
166116
307666
301227
162831
298243
164323
297719
162163
101690
308961
93368
94723
2025
303003
92299
91938
91332
5449
300722
299845
95463
167672
164858
386030
297178
165309
85186
164528
162151
301802
299794
6254
165413
307772
91289
6127
3586
91760
1514
303480
299573
2380
299785
4581
2773
88185
54
297956
4475
96401
97422
6467
300686
163412
1857
1476
166502
3277
164979
163891
391181
2524
163920
163142
297081
93109
102367
92019
2799
5143
303271
301964
91726
94452
303527
297907
160976
6301
302296
3672
93929
167102
2491
696
164901
165113
1010
162925
6076
93115
265
710
101600
157022
165867
91416
161455
878
165224
2979
91696
6486
300147
165666
170118
167443
97054
4039
302897
178695
92463
93316
167721
172470
95109
6018
296949
93061
300434
171858
162073
79382
157657
299179
93022
1484
166814
163361
298203
95837
73
166759
97019
298536
95475
163755
162959
296932
161997
159609
95927
96038
829
300162
6457
2368
161643
302951
