298589
93087
297014
95395
878
161580
298245
296913
164902
97632
162293
298779
162212
165872
2971
301409
2802
298924
298682
167725
179187
301461
3935
382387
162243
302633
164071
4645
7427
164912
94442
96217
297430
4063
4255
300131
2808
94263
91430
161306
102485
298034
298362
12234
162314
96848
79417
163506
167818
93598
874
93757
3758
297788
91712
85335
94596
302429
162635
164777
166234
165535
392650
164147
164960
302780
91878
301908
164894
92086
313715
162819
1579
166056
167021
4017
297284
84917
4986
91322
167165
96000
94119
94701
1030
393353
95340
92538
166410
94354
161226
3439
97682
161931
1695
92468
96652
163825
178750
91480
167412
93820
5880
299158
161441
300804
301275
97649
163482
208
298146
302685
94785
165581
165895
160393
298378
5725
303472
2213
96910
299331
5554
91794
93315
301981
92276
163188
162031
299655
1230
199
81097
5510
300250
164265
389022
3724
160571
166987
161813
299670
5136
1502
163684
164356
97789
166952
2286
96097
6113
300990
298920
94878
297957
300664
290051
299765
301158
166330
96294
301755
301965
163464
160998
95815
162629
97429
297608
97421
1770
1962
5680
300888
300500
97741
95855
6543
8720
302605
102789
95066
164097
97243
163889
301417
295929
166216
5262
2271
95308
162410
93423
165800
14055
96532
297795
167236
94945
93917
303185
164613
296688
4977
5934
303120
162755
96510
105075
301364
81530
6533
1942
5063
301090
96807
93103
5399
4768
92317
299322
161051
2696
161142
2643
2932
89652
96768
167641
301881
93470
165567
165066
302101
297329
86883
1793
290559
167061
299004
92019
5369
325
162589
5721
163831
302230
91814
286650
5328
161651
302393
9677
6085
302886
167958
294913
773
1731
167321
296753
2315
167143
6224
164119
302313
95186
97218
299552
300451
166514
4641
383463
6569
297302
2156
3422
6327
78
161331
167296
165151
5565
1251
162787
94124
96461
164699
167671
3329
590
5691
96156
97325
5627
162452
299960
3040
97502
2989
165176
284298
166037
163629
167695
106535
109160
300670
297066
381556
165483
94778
308392
94993
166303
293123
94331
161908
97262
166204
91487
3569
299017
96586
166583
161708
3747
165401
