91903
5302
296748
94239
5091
298576
297487
3410
302261
300960
92841
162111
166280
11570
91936
91314
301908
167572
92252
3682
165981
163543
94813
300516
95895
163414
300386
300369
91549
106861
166926
195
298980
95000
97022
166288
177019
154847
300377
96160
93923
97064
93492
303104
163087
95333
166631
301475
297802
164797
302631
167027
95955
164413
92056
3373
91532
93908
162445
165009
296712
4753
4448
3402
297069
302443
298329
298260
162668
94993
91920
297816
96216
301483
92864
92081
296734
17397
302279
92244
302026
300927
887
92523
94798
95406
933
300092
288292
300923
96229
167290
96233
97079
302831
93544
95950
167185
390307
297007
298565
2014
163960
93424
4610
160957
167665
85489
1131
86092
300683
163835
297990
298966
4260
6545
96022
166741
291910
5596
95763
94250
1545
105725
163164
3261
299838
92087
204
301339
96796
107744
5458
96200
93437
6602
302021
3153
95152
11712
163792
299673
1755
97307
299723
161529
93552
153412
1364
308254
302419
302897
165265
161964
161465
299596
306710
164405
2276
161251
6063
303558
167438
299058
166003
297278
302912
6460
4926
159916
103105
296687
301460
2824
390071
91715
163252
163863
297085
163192
2522
162534
162437
2806
153555
303238
2853
161866
162622
3274
5901
166474
297350
119232
167371
301562
161084
167424
3493
4749
166251
331
286165
162147
299188
611
164058
92887
298793
303633
91977
1918
164814
297314
593
166703
97512
3972
4917
298806
96522
97318
166548
95614
167474
93835
3161
4432
299365
301727
301229
5330
163582
1512
5690
5473
97659
95820
164507
161319
296761
1798
303260
4583
155493
93995
302413
1628
559
303212
2288
297668
163778
302840
172465
162403
4212
95581
297643
297475
92421
5846
101970
297287
94084
94869
303076
388402
164560
301813
95593
161287
97248
299002
1114
165328
228
161875
2624
303348
2248
287484
95143
90596
12298
94720
107474
673
300535
93113
298671
176177
297898
167782
795
80388
302337
5154
97447
165919
92632
162491
167686
1756
167132
299806
298647
91582
301175
89321
164558
162937
166830
167642
166560
4024
303381
1997
297722
161332
166226
299496
166257
296827
299405
13330
164268
95212
