303258
175629
163800
6490
296199
93752
95854
387249
96454
94327
1878
303166
166237
2569
164603
162059
91303
167142
301981
1394
302685
95167
298698
6068
92143
167270
166697
164901
97656
301873
162457
302023
96210
166637
165910
97196
91438
287831
301564
297881
97657
302463
94065
95868
92544
296672
27391
17
2911
165984
393391
284157
298343
162859
1077
163339
92995
3691
159188
2333
298763
102719
165195
4237
93152
4177
165006
302402
164596
4283
164505
92190
93656
298152
299466
162248
165552
90752
95024
166872
297969
96109
296951
165451
165063
94046
2675
166075
300341
165967
5038
2189
298628
3405
810
95095
300831
98772
165176
166776
96080
94219
4831
166628
93488
1372
92716
93519
297863
94496
301496
384
2218
91460
3905
301815
94600
92234
107159
164068
167694
86701
96103
311441
97510
164267
93107
5799
1774
303502
94937
6250
93401
302493
1277
302878
2252
164488
4683
92286
165803
163682
97451
97270
299908
164259
163733
4367
94060
299915
303516
167625
385811
300549
164962
291861
162850
167773
163998
164689
96480
95480
299475
302967
94811
289617
164026
3703
299733
290780
93652
300067
3433
96600
167219
166882
1503
162176
164940
165308
90368
91881
1251
5131
95237
297755
301150
91850
3062
97048
298387
161927
297629
299548
209
96532
6352
309366
94073
161439
299598
297184
300348
163139
167783
6047
94251
162636
93922
162338
93314
166290
167448
110248
96128
384407
163803
91269
97618
17127
161640
3274
90505
163519
5738
1695
150935
301676
160956
166274
96181
92469
670
3541
300897
94351
304225
93492
300289
167307
95461
303096
302052
165767
95318
95685
298129
6546
93344
1687
161726
301013
162882
161095
300377
5254
95649
303193
92702
300126
162976
1142
5697
167476
97028
94157
302067
94740
957
3882
300906
3234
79787
296733
748
162443
165071
97462
299199
5493
169578
162166
633
4526
4933
302733
298815
165569
299042
163054
4616
303224
484
92990
1953
298691
91430
302871
8615
4568
289219
163196
303245
3212
95644
103922
167721
2596
94828
161575
10152
301055
137
301615
163378
96750
92160
153679
162684
94532
97253
164282
4669
166087
165836
299385
1
3496
