1889
302412
629
91873
95282
162816
298281
301426
168201
297078
93767
164454
166645
161700
161840
4877
303043
97220
296794
163517
108703
166031
299494
2515
297372
163694
166207
165481
297504
155138
300479
165745
2230
296674
92185
166202
164781
164094
162185
386090
297012
167178
297133
165088
166976
1502
5642
93606
1149
3169
1094
163636
292439
6064
5854
1977
164295
297347
6159
166013
95241
1225
95096
165721
5063
275695
95304
5953
161725
297613
308413
165367
91522
81232
95699
92366
298381
386580
93862
161867
97145
94565
162512
167674
162954
161399
284345
95386
94370
4183
93752
4427
1847
302837
94322
300501
14545
299862
162594
5861
94134
154652
301009
302228
163281
4199
164824
167835
299569
301940
89355
164058
297162
298887
95573
161638
167100
804
97117
299278
298681
91337
93148
381617
91500
162023
311315
4958
93477
91147
94981
93885
167414
167062
301403
166818
163476
297032
161747
92678
5916
96654
2888
5147
302146
97979
298239
96538
96419
5638
298366
290763
163524
96235
3915
81511
302144
3401
299682
6145
162233
2290
303607
303077
178779
297952
164916
91155
2137
92286
165841
1905
6095
4685
297440
164429
91167
5705
299037
96072
94151
300578
167026
1025
461
2989
380701
300368
92745
91705
161054
302444
162433
94855
1535
3058
162661
96899
301729
97337
166518
91854
299986
295499
2662
97333
6617
165416
389383
5737
2327
301632
299080
165186
3842
307180
72
301640
2234
2162
3512
161583
162607
166831
161444
2498
302597
164505
3417
92961
163102
299199
2996
286337
6436
3241
162381
4795
297425
164272
96158
95848
166436
167315
94953
390330
167648
6048
94922
164073
299731
300720
1318
2795
166941
93336
303633
167828
161067
93318
91231
6324
1560
166884
166178
301016
299857
299123
102899
297603
161777
1402
296710
94145
100566
300228
301254
97259
94963
5651
597
300907
95809
311446
91421
299837
93091
164557
2689
166393
297845
300089
5483
164015
152423
4667
91550
94344
302209
164577
94904
165103
165310
5520
5472
300713
80085
301819
298992
167641
301113
162997
94591
167973
93073
302700
95602
161844
164969
95484
302005
95971
96218
297695
93695
272904
302486
5718
