166451
85904
532
301138
166075
97551
161091
164677
91782
167096
167752
167110
97087
299057
3960
297588
296942
3462
160949
300684
94043
296921
164590
302748
301461
82843
2319
303122
161778
164057
93985
302660
165659
298798
5430
301229
4540
163835
161197
309421
97667
95363
166507
302818
4482
165926
1027
98304
2885
162541
5485
289432
166987
299622
303293
163840
94926
85894
299500
96159
162534
165434
384579
302429
301717
303198
167028
5955
167731
150782
163408
161004
3780
92882
301557
301259
95585
165844
91955
4644
5570
96778
94775
310
579
297991
310842
305913
166798
161390
3115
166194
4128
95956
167381
302401
162116
297450
93779
161965
161403
164987
90177
164214
296752
1440
95268
152904
103602
298557
103954
97408
453
94893
102544
158846
167413
166172
165470
300811
89497
162765
92728
92333
302653
163239
2699
165113
3311
301560
94790
303390
674
167777
97695
4516
4883
301758
3360
91135
97541
92518
167577
301412
301217
4744
300350
94280
297495
912
164367
95420
164905
297239
92040
297171
94196
301040
2809
301975
93506
298672
5182
298143
93599
315828
2052
299662
298599
167315
299307
302153
91859
94540
5891
298661
299894
166268
81118
164191
297796
1936
299430
300508
164753
161893
297898
167012
165000
2583
4753
93195
2070
297551
299902
162885
91660
93494
300184
20
91413
1945
287645
103173
311712
163658
3327
92451
1628
4181
2710
161439
96652
95922
163226
1142
163466
165667
161622
148705
162382
166429
297031
302844
107890
163158
165572
93390
295952
92103
165233
94761
4309
389800
97800
96482
301782
167822
301306
297512
162375
301664
97529
94559
5873
297481
300110
3336
5017
303627
298641
103314
4362
298911
108
93061
302071
96378
382063
6270
163871
5214
161222
95619
93378
166021
162706
164954
93798
6245
301843
296732
380786
298120
4865
299370
95557
3749
390549
109844
95530
162907
303410
161358
155390
302341
302326
92422
92910
299638
1623
3795
1205
9015
161434
303126
97572
91683
96037
298585
299148
13585
99360
391337
299844
300687
162918
100829
165249
163603
92769
300335
94071
300096
302225
166093
164115
300464
96965
95270
162412
5919
165415
163985
95058
296690
163580
95233
