306382
2125
167401
87673
5314
95227
167641
302253
94952
94626
2499
1798
165258
302533
167525
97395
91594
81855
6186
303295
94517
93093
96501
306373
298846
4445
296652
302509
91620
303450
92143
301829
173862
161533
352
2798
300975
108765
392817
244
91340
161345
165708
506
165630
160962
91461
298094
3125
167599
300479
1764
144084
304253
4913
1052
166630
165057
313
2992
93596
97087
4047
302194
161685
3614
95292
166851
301728
179746
1456
301719
90
164103
94195
302589
162174
4302
91442
92404
384670
162373
95018
1944
1575
290786
1793
302015
1391
163170
164267
302896
297969
96312
2845
162294
5830
167275
284277
2013
301367
92820
300959
166402
165739
300863
310459
162909
96529
95931
92855
302638
93355
303412
2945
300047
96256
299913
299034
6003
287450
300132
179
386803
385493
81597
91955
93430
300542
95322
93753
4785
95773
92337
158646
4083
163927
162366
94617
165231
10668
165614
808
300998
165045
299856
92436
165866
2509
299525
97162
94014
166023
297280
4869
93766
3522
95341
163605
149181
165360
93269
298225
92558
93519
301334
161516
2106
87369
164890
5290
4532
297342
4123
303009
297868
298970
296900
4669
303642
167605
96611
92187
166276
165342
299344
297542
165343
162342
3408
4522
167114
387028
163759
91702
300684
300379
92543
297894
162330
300470
163194
593
104215
163727
161170
2439
166768
289608
312958
166123
4452
161827
164467
3425
164098
163739
95947
162370
299079
298113
161850
161194
299386
5098
96282
302102
298889
166295
4890
94027
5604
300623
97683
932
163283
1836
4797
94181
163000
303178
166177
164048
3929
297051
1318
5016
90183
3104
167060
301495
164752
155452
6594
163767
167624
94683
166433
1124
92497
164541
528
91320
299517
95974
96717
97065
164108
302468
97545
2484
1343
299801
162757
165145
93060
166409
83186
91964
95500
700
297401
300913
163624
298471
4417
179060
3068
95893
1093
305629
3702
91864
298366
303495
166148
92761
165173
162798
164936
93732
5479
166810
162537
167654
94965
302000
82414
164022
299478
300862
285838
3818
3687
165009
5938
137
301851
163225
167450
97515
96796
166771
3954
151455
299985
164313
298521
