91315
95105
50
97057
292977
95272
4730
97123
285570
31
94657
97571
6496
290823
4424
91448
298154
1508
1028
299783
301553
161623
164333
162828
92058
299045
1930
297145
93251
165105
6010
162245
97483
92840
163397
2627
165673
300475
6043
302914
301581
161049
4706
91867
314504
94872
291205
302500
163953
312213
300733
94114
166781
165403
96118
94407
166172
97323
164703
160984
87983
96140
303632
164034
299391
300646
93022
302850
161998
303603
163034
296820
95170
3495
60
298542
166302
5777
165429
95971
300922
5574
91182
298573
166650
165636
87807
303163
164443
92213
91455
1684
93975
93870
164773
2040
162793
176919
2587
166333
167396
161922
290888
297791
164177
1828
95304
5513
94041
167012
4097
302509
3711
92334
93840
760
92562
299374
1170
288199
163148
3428
5866
339
301908
92312
301998
299102
94982
167032
2692
165460
96920
302026
2123
91716
166618
96663
6401
97791
300026
108
161866
298615
167331
297519
161793
161962
301302
733
166308
2922
390594
297116
297506
4195
9410
161096
300007
302711
6526
168625
298054
3148
163679
95399
3167
166805
300321
301058
95533
5312
5072
301832
92997
91818
2716
299612
302865
301402
163250
297583
3445
3033
84212
298998
299468
79067
300740
96240
297841
164408
4702
1701
171709
301289
298956
3278
97375
5154
2177
94283
2391
92631
313
499
94450
299803
300538
298710
165661
17589
314361
163310
166801
92202
298739
163615
94689
162958
6576
91660
387180
1380
91999
5933
91614
92401
85147
162879
93999
1468
165682
312396
4440
297800
711
167754
301428
301131
297271
303622
163781
4523
299190
92713
298175
5045
299539
166139
165585
164437
97046
98807
94869
162127
164054
94488
164865
94598
97552
297339
97297
300623
298424
163332
299352
166722
1355
5768
167268
298184
129
300265
85694
96889
96681
297152
297527
4629
163676
3461
94749
2445
300677
298916
670
163670
175511
163885
165991
93399
603
164158
4180
1234
163087
294812
2229
167776
92238
1079
3542
93554
8848
173840
299181
94176
91798
301888
13913
310022
5613
4371
95497
91141
167394
161565
768
162545
167240
161629
96650
93579
301654
303557
93439
95312
