163318
164144
6226
857
2960
91823
298917
303512
309714
166634
179
94348
161130
3438
161678
300477
164356
2521
77879
746
300881
166928
298229
94488
164497
161643
1656
298542
165878
5895
302427
297320
301629
97530
93505
97503
167565
298515
162624
297254
302986
91372
164589
298154
93922
170
5385
95252
93039
301257
299521
436
298424
5175
163413
94061
93443
96187
298656
97604
97296
161639
165302
165018
298143
163165
96495
84601
167369
106980
3306
5274
167663
174085
93659
301712
95360
166048
297790
300783
161292
382224
96246
1705
165859
91408
1120
299664
161484
307491
97050
5757
96606
59
2807
166940
167109
276431
167416
164675
6575
166363
163409
162702
868
92632
94820
166872
299859
303140
97085
4638
93726
299430
298361
96551
297985
167004
165182
309847
96206
298120
3666
87768
167717
2742
93855
162285
91218
302182
94465
158966
299778
299414
97031
10465
95897
299767
92167
297721
163050
5994
160989
3128
1573
301349
4415
297116
303470
5642
3258
300386
287633
4832
6561
91350
95347
166143
164177
300292
302444
300463
298884
298195
298790
166447
92108
492
166475
94925
3843
1457
299640
93178
4766
97398
164838
3222
300874
302932
105873
1723
2913
163278
4055
96845
165442
167526
166282
92777
163080
2310
163893
55
93117
5323
4813
166112
94691
93436
161169
162569
91905
93170
96775
162266
4916
171966
162580
164988
3181
296852
296941
306607
296902
299022
2025
5923
308816
1239
297482
161958
3065
2466
91509
2758
296984
162741
97337
164455
302410
4213
93792
298463
165703
163177
165276
297872
6063
1397
91197
286427
4570
311010
95336
87984
285536
301558
3917
165366
297745
2001
93284
301213
93111
97390
296744
10816
96794
300858
1506
300305
1882
107830
164155
92271
95029
302979
165316
300215
169216
161067
165251
165554
948
92889
95019
1100
301121
162765
299151
297280
298504
92869
151687
299901
95341
164833
162374
2700
302186
109119
91537
5115
3904
96987
5517
92639
103048
94265
164701
302712
94859
92176
96812
10163
300615
391137
3583
163719
301839
4921
162948
95955
95961
94815
161565
563
92263
297341
5637
90876
8827
92575
103601
302691
163681
95246
