94081
298677
301057
303364
2205
167183
299938
777
300014
4421
299719
301451
165212
167260
92223
96676
297929
97691
4032
179076
94851
95317
94443
301975
93051
164953
4912
313282
1688
3688
166949
300064
173130
2744
304110
165297
167637
94700
161812
92123
93775
95761
1670
300080
96841
1051
3743
4640
386503
149135
93295
302399
302235
5522
5849
93593
97360
93997
96115
83603
3994
163151
6479
300480
2994
6124
166535
301489
97489
163589
301653
96093
6307
297907
170157
92914
3515
95487
167075
165459
97723
424
302162
93934
93618
94310
163451
165942
163022
287365
298948
92750
300775
299975
92143
2933
97653
161322
93641
303076
92650
10197
162691
163447
153204
15671
299026
91167
3813
5725
97127
298633
164777
92317
302777
302813
301586
1996
96050
298817
2600
166683
302673
3098
167558
164408
872
165653
93911
96017
303346
5570
91671
6001
91491
4925
165409
389513
300528
105341
302631
4784
298260
164119
167280
297544
6345
298571
162493
152391
95004
96034
299513
92833
303372
94978
161570
4720
1883
2213
297126
92439
302468
296676
302682
161850
94587
91643
305369
165891
302749
166677
297803
90512
937
273
302523
164793
303513
95042
5299
299773
6623
4970
96374
303482
165822
161039
164753
8703
162370
300616
4474
96385
161798
3869
385986
166956
163102
3230
842
91885
391781
292457
98879
303634
306391
299447
164631
4165
167239
298829
301643
95808
300993
95915
303007
387626
300198
163991
313
94847
12065
2189
6992
3223
297453
5254
301721
2185
299327
94372
5560
167750
643
301466
162142
94314
303330
1173
96271
246
96206
3980
165550
107146
92228
167521
154995
4338
2922
161862
165704
5114
94119
5218
299822
163027
6301
174348
505
4029
94133
95441
93459
1818
108426
162378
93994
297203
298307
167660
97161
166132
165221
297561
94866
3700
17568
2507
3375
164988
299667
298248
92291
300880
302246
166138
92935
165146
94597
284909
96823
93636
301913
163164
168125
166240
301906
91105
299078
93284
299563
1217
162471
97172
203
161176
3392
297117
299434
164660
178419
3610
101948
161419
177610
167485
94155
2390
163354
163648
164054
165268
3107
162230
297424
302260
