385900
6416
154785
5695
5310
11096
96083
292747
3203
155600
91643
299448
96829
166490
6436
92200
214
164885
91138
157449
165714
5925
297324
161816
1453
97178
93637
302612
96794
104706
81539
1380
106946
300962
4926
301129
162412
298909
302207
3793
165670
93112
14455
4954
2432
1772
92098
835
94319
302644
166893
94563
104504
93208
3532
302102
92728
164007
161639
1538
97385
161671
97125
161541
165911
2540
95943
4015
177634
301004
2486
92825
162431
97798
3838
6394
291428
4911
6623
96567
83841
2861
301706
93398
1333
1196
95677
165378
94910
161211
2714
1941
1422
93194
5504
96815
2611
302782
92868
96549
162097
89671
6247
299822
167541
298634
164891
162512
167723
94217
94712
298698
296654
149921
92633
302425
306791
165555
167796
164102
166662
299959
820
705
94456
165889
413
300389
297836
97226
298091
164510
298074
946
97452
164627
97790
8726
164502
16448
169618
163440
93987
164218
162754
163308
95476
93625
160933
95125
2717
298964
302293
301453
300973
167742
289685
163158
4798
294141
92433
177207
299248
302921
299593
91796
5317
92109
297285
2768
301352
305119
92217
173486
92910
4903
165172
1468
5560
164980
3258
300899
4596
104972
1651
298983
315012
96362
167249
297311
301715
301601
300130
94074
3394
298305
164385
163563
163244
80716
2139
96997
162488
97326
302409
164615
296795
96490
303565
301975
303230
299804
299382
302604
298969
95837
297800
5051
163662
96281
297483
167467
164020
296808
166379
297298
166204
95380
377
310012
300255
303551
640
161448
95236
302397
302650
301566
161743
301785
161895
3525
83276
2202
161521
93346
2984
164704
165034
165092
5678
167161
3650
97494
3210
97254
91209
97514
162974
96447
167271
173306
91110
2737
97267
96712
163866
302519
300796
303048
3834
95911
94778
100494
93477
165938
166456
1683
166803
166838
1912
96636
93041
94663
164341
163886
4074
161290
300251
297944
301776
93293
5993
91869
79868
6268
299058
2384
303245
299834
4961
4398
167096
3673
5836
97702
166426
94974
12620
162895
1745
619
162560
1881
299103
4373
301491
166006
299671
3052
5941
303238
1084
91233
301011
391037
4254
162257
