10.25	20.5	4.8
20.134	20.574	3.4
19.549	22.99	1.8
13.545	21.525	4.6
11.934	20.94	3.4
12.666	19.988	4.6
20.061	21.818	1.8
10.543	22.697	4.6
8.2734	24.82	3.4
18.743	24.088	7
16.62	24.381	1.8
8.2002	19.256	3.4
13.838	25.113	7
10.031	19.402	4.6
19.695	24.6	1.8
9.518	23.868	4.6
15.009	20.061	4.6
12.593	24.454	4.6
15.888	22.258	3.4
10.323	23.209	1.8
19.549	24.015	3.4
17.425	19.841	3.4
17.938	19.841	7
10.616	20.94	3.4
14.643	19.915	7
17.791	19.183	7
17.206	21.818	1.8
18.304	23.942	3.4
15.522	21.379	7
11.861	25.04	1.8
13.838	24.674	4.6
11.202	20.061	4.8
10.982	24.088	7
8.5662	20.208	1.8
19.915	22.843	1.8
13.618	22.77	4.6
11.495	22.55	7
19.109	20.866	4.6
19.915	19.841	3.4
8.8591	23.063	7
11.129	21.159	7
10.836	19.183	7
16.986	21.013	7
16.181	21.452	1.8
19.768	19.329	7
17.352	22.111	7
15.009	19.768	4.6
19.549	23.429	6.8
10.031	24.381	1.8
12.081	20.061	3.4
8.7859	21.599	4.8
20.134	23.283	4.6
8.8591	23.429	7
19.549	22.624	4.6
9.5913	22.258	7
17.279	23.502	7
13.691	22.624	1.8
11.715	19.695	7
11.348	24.308	7
20.208	20.5	4.6
12.007	19.109	3.4
18.597	24.234	1.8
16.986	21.013	4.6
17.572	19.915	1.8
10.031	22.038	4.6
9.8841	22.331	4.6
16.254	22.843	4.6
9.6645	23.502	3.2
11.495	22.843	3.4
19.183	21.013	7
12.154	20.281	1.8
8.6395	21.525	7.2
17.718	21.965	4.6
14.497	25.113	7.2
14.131	20.94	4.4
8.4198	22.843	3.4
20.061	21.306	1.8
12.959	20.94	3.6
11.275	20.134	1.8
15.741	19.549	4.6
9.2984	22.111	4.4
13.838	22.111	4.6
16.913	21.525	2
10.25	19.622	3.4
15.375	19.549	1.8
9.9573	22.624	8.4
19.256	24.527	7
17.425	24.674	3.4
10.763	19.768	4.4
7.9805	20.94	7
17.059	21.159	3.4
19.329	22.624	3.2
13.032	20.354	7
17.938	24.82	7.2
8.6395	24.527	4.6
13.325	20.647	6.8
10.543	23.136	7
16.181	22.624	7
12.373	20.5	3.4
19.915	24.82	3.4
16.693	21.745	7
16.913	23.575	3.4
12.666	20.061	3.4
19.915	22.404	3.4
10.543	20.427	7
16.327	19.256	3.4
11.788	24.308	3.4
15.082	20.061	1.8
10.763	24.747	4.6
17.865	23.722	4.6
10.177	21.599	3.4
18.157	20.647	3.4
15.741	24.527	7
17.718	21.599	1.8
19.329	21.672	1.8
16.181	24.454	4.6
12.081	19.915	4.6
13.398	23.209	3.4
10.763	21.013	4.6
12.959	19.256	4.6
18.524	24.674	4.6
19.475	19.183	3.4
13.252	23.868	3.4
12.52	22.917	4.6
12.886	22.404	7
19.109	24.893	4.6
13.398	21.891	4.6
14.204	19.841	4.4
16.84	22.404	4.6
7.9073	22.624	4.6
18.597	21.965	4.6
19.183	20.647	1.8
11.641	20.281	4.4
18.89	24.454	3.4
17.132	23.649	1.8
12.886	20.866	7
13.398	24.82	3.4
17.865	19.988	3.6
19.768	21.159	4.6
9.7377	25.113	4.6
10.031	22.843	7
18.524	22.111	3.4
10.177	24.088	3.4
11.861	19.109	4.6
8.2002	24.308	1.8
12.447	24.454	3.4
13.911	24.6	7
18.011	20.574	4.6
16.107	21.818	7
20.208	21.159	3.4
15.595	21.891	3.4
12.227	21.672	3.6
10.47	23.795	1.8
12.154	23.795	4.6
10.689	23.283	4.6
9.6645	22.331	3.4
8.3466	21.086	7
9.0787	20.574	1.8
19.695	19.622	4.6
13.984	21.745	3.4
10.47	20.354	3.4
19.109	20.134	1.8
16.474	22.404	3.4
15.229	24.527	7
9.2252	22.404	7
16.547	20.793	1.8
18.963	24.381	1.8
12.373	23.356	8.4
9.0787	21.818	1.8
15.375	25.113	4.6
13.984	19.109	3.4
9.152	19.841	3.4
17.645	25.04	4.6
12.886	21.672	4.6
16.693	19.768	3.4
11.641	21.891	7
9.152	21.965	7
18.963	20.281	3.4
8.6395	20.281	3.4
17.425	21.159	3.4
14.57	21.965	4.6
8.8591	23.063	3.4
19.841	21.599	7
8.0537	21.599	7
12.154	21.086	4.6
8.6395	20.208	7
17.865	22.55	4.6
15.229	21.233	2
12.813	24.308	1.8
12.227	19.622	1.8
18.084	22.697	7
14.863	19.475	1.8
11.861	24.161	4.6
11.641	21.159	8.4
8.6395	25.04	4.6
10.543	19.475	1.8
14.131	21.379	7
12.52	24.747	7
16.766	19.329	4.6
9.5913	21.379	4.6
11.129	24.381	1.8
7.9073	22.331	1.8
9.7377	19.036	4.6
9.8841	21.379	1.8
12.813	20.281	7
18.816	24.82	7
9.152	24.747	1.8
18.084	24.015	1.8
17.865	25.04	3.4
12.447	19.329	7
18.084	24.82	4.6
18.377	23.722	4.6
19.988	25.113	1.8
14.204	20.793	3.6
19.768	20.281	3.4
7.9073	22.77	1.8
19.109	21.672	3.4
18.597	19.695	1.8
9.5913	24.893	1.8
10.543	19.256	4.6
19.622	19.402	4.6
20.281	21.013	1.8
12.3	20.354	7
16.107	24.967	4.6
10.763	23.063	3.6
8.0537	24.308	7
8.2002	19.915	7
16.4	21.086	4.6
9.6645	21.086	3.4
16.254	20.134	4.6
11.495	23.942	1.8
17.206	23.502	4.6
19.988	21.159	7
10.616	21.086	1.8
19.841	20.5	1.8
8.3466	20.134	3.4
8.7859	24.454	7
8.6395	23.356	7
19.622	19.036	4.6
18.304	19.915	4.6
18.45	21.745	4.6
9.7377	20.72	4.6
18.45	21.013	7
10.836	19.768	6.8
9.8109	21.599	7
11.056	19.256	4.6
8.2734	23.429	3.4
18.743	19.402	3.4
14.204	19.475	1.8
15.009	21.745	3.4
13.472	22.99	4.6
18.67	19.768	4.6
10.323	25.04	3.4
19.988	19.622	1.8
8.8591	24.6	3.6
10.25	19.768	1.8
17.279	20.5	1.8
12.373	23.942	7
19.915	20.281	1.8
12.74	22.184	4.6
17.938	23.868	7
13.252	24.893	7
17.572	20.208	7
16.107	21.891	4.6
17.425	21.086	7
12.447	21.379	1.8
12.886	20.208	1.8
11.422	23.209	1.8
16.474	22.258	1.8
8.0537	20.5	7
13.472	22.843	7
18.45	20.574	1.8
14.79	21.159	7
9.2252	25.113	3.4
17.572	20.647	3.4
8.4198	25.04	3.4
13.252	19.695	1.8
17.059	22.99	3.4
14.497	21.452	1.8
14.423	19.915	4.6
14.35	20.134	1.8
9.3716	24.234	7
9.2252	22.843	1.8
12.227	21.086	7
18.304	24.967	7
10.031	23.429	4.6
16.254	23.429	7
16.327	19.109	1.8
14.79	24.161	7
19.622	23.575	1.8
20.208	22.624	7
16.766	20.427	4.6
11.422	24.674	7
9.152	19.402	3.4
8.5662	22.843	1.8
17.938	21.233	1.8
18.157	24.82	1.8
16.327	23.502	4.6
7.9073	22.184	4.6
14.057	19.183	4.6
10.763	19.256	7
17.352	23.136	1.8
16.254	22.99	1.8
18.743	22.258	1.8
15.668	19.768	7
19.475	23.649	4.6
16.4	20.354	3.4
9.3716	23.209	4.6
15.668	22.258	1.8
9.8841	25.113	7
18.084	22.184	4.6
18.304	21.818	1.8
12.666	19.475	3.6
16.474	24.967	3.4
19.183	23.136	3.4
10.763	20.5	4.6
10.47	25.113	1.8
12.886	19.036	1.8
19.549	20.354	7
9.3716	24.308	3.4
19.475	22.624	7
8.3466	22.331	7
14.863	21.965	2
20.208	21.599	4.6
17.791	22.624	3.4
8.5662	23.575	4.6
15.449	20.574	3.4
10.836	24.308	3.4
