301483
301975
4086
301834
300606
302197
161739
95288
173367
298578
96619
161460
8982
161580
94075
298532
97405
167382
80994
95803
303398
93392
286865
108858
301878
299942
300444
4603
303083
94118
96565
169342
1563
163899
91638
162385
166387
297454
300053
165315
303516
96568
97219
163123
6214
3707
160977
298496
84546
165641
95830
167717
303223
299387
91589
96761
3424
164580
5938
300187
96672
5766
285923
386192
2054
166960
93232
163679
6582
3217
150907
4234
94720
4344
5198
300
163495
285137
4748
1057
162796
296853
1670
3818
299586
97460
303018
92676
297280
95569
94673
302069
163732
913
83167
3231
3567
91738
161644
308960
92597
4567
302377
97608
161728
389348
161121
162271
164895
298332
92969
6086
6353
91185
304027
302371
96398
93366
105960
92950
165736
92804
165238
166193
298944
91780
302052
162954
162828
170971
299740
301052
161095
162230
300846
162672
166312
9653
163312
94620
102819
162429
166955
94834
203
95036
300402
4378
161703
5640
166563
5631
106464
3629
93644
91935
95144
165742
163988
166291
5410
92400
94317
96318
161763
93592
296713
380
4875
4510
165035
302577
5709
3074
302785
5844
302947
165387
297908
91572
97756
166988
6297
300511
97688
166183
312739
148481
2087
1246
165096
97199
298199
92025
95191
301991
170710
298127
298404
297400
2234
302937
96083
302559
166626
301971
164431
162366
97210
164558
3961
288746
164252
166356
5218
163822
299769
2651
92669
86629
6454
91257
4883
1817
2660
96030
303188
301039
166726
3222
291449
94410
302193
298712
163549
302524
96949
167391
94808
91303
302920
161544
85016
5651
17488
178151
4204
167703
167215
285
3865
299169
80499
302720
6619
301254
167031
93151
163368
95049
164085
2398
166547
162218
296746
296972
302494
302733
91940
301776
2158
93313
167494
289773
5464
149889
5441
1062
297250
162978
3005
6276
301479
92578
93493
315327
1685
972
93786
303427
94034
165512
301347
4076
96576
161300
297705
301655
103521
164829
309912
297545
294669
165855
93697
2426
167264
2225
164683
97419
94351
89528
1636
579
96693
91483
95697
298739
301015
166130
161366
167623
95621
96776
3582
5270
298072
299829
