163581
299608
175770
97179
302378
165306
699
2053
303008
95470
297075
165111
96479
3128
301453
164565
166895
1647
300579
3844
93660
154471
2990
94314
95428
163146
1603
93909
95632
165352
167500
5615
161749
303250
93059
92652
6152
296972
5244
85473
298190
92480
93783
166909
166262
2647
299316
163557
311695
300180
95187
165622
300840
301868
97176
325455
166750
164515
302501
91483
163891
4494
5159
94418
301252
302840
6482
299663
165502
298178
167236
91264
175301
97516
162824
95180
2045
301486
96454
302514
161539
288998
92957
5378
5057
289782
97309
162091
301012
5314
96255
386498
94430
96032
93176
4699
297850
161364
167840
2351
173424
300879
162529
1864
93425
163596
1048
164760
472
300226
301587
302712
166700
1255
49
91127
164078
10415
96515
91589
302215
2430
105658
301707
165095
303385
4277
297831
315393
386066
348
310046
97502
296830
300220
300944
165680
92102
165977
314281
94954
300935
302226
2494
9266
96927
97477
2548
298788
93326
314896
163006
5833
298123
4954
94206
299021
300265
10824
21
2222
161507
2876
297372
298633
303303
302392
164139
298392
299158
165239
297233
297218
476
384171
161101
164850
300921
165565
165867
96848
297935
2932
96090
161968
164373
373597
298996
162801
161593
5087
2104
167003
164945
297916
96526
92362
166648
94921
4595
91582
97587
93160
1635
303572
296665
166802
301895
297511
97354
164160
2340
299883
161890
1125
165946
387907
4624
300416
92715
163127
167396
92179
164960
300634
163984
1330
161128
91294
97420
95461
6374
299989
162489
95867
301791
92472
302833
391737
166769
5934
4463
1847
166003
91735
300548
163473
1401
301982
297322
299674
5270
166512
93515
368
80388
163875
166198
299765
97124
302239
162980
299074
93611
299391
4393
298661
1136
298428
106866
106267
162209
298862
95933
95044
167793
92370
297180
164065
299799
296769
296953
60
299866
91713
93107
164810
85220
6127
94707
281
289829
152369
725
18142
8840
301961
91552
298235
167429
95875
6411
166966
164963
298472
6355
166204
95863
166580
287284
92977
1160
300104
2891
299665
96679
592
3494
92960
300424
165509
391309
4005
96947
93341
97568
3681
95562
