92337
164602
167080
290422
164841
92968
163977
648
303021
300145
1522
302416
299306
92078
3655
306951
179263
95817
296703
307411
302699
297522
2007
303585
287620
93950
163353
299046
95112
100625
300391
2820
95307
5962
93508
104161
6111
162175
164521
94006
97415
3965
301607
302598
167101
302175
303043
167581
299316
299703
93539
12626
69036
297270
80846
162537
165829
165454
2102
302092
157580
161006
300581
161916
2668
163612
2232
312821
835
6277
155893
94732
302709
3861
656
296122
163195
155980
94289
95479
300162
164232
1532
94970
167739
166764
165685
299543
298122
167536
160575
167556
1921
161675
303308
94285
94508
161939
299323
92615
94152
97693
160956
14741
9109
5742
285977
4561
162828
2733
163120
80243
93988
163125
303546
161534
297691
3772
5260
95085
297115
3782
300529
299228
91788
162958
4855
160393
105499
302215
99764
164375
303374
97687
165874
4569
165512
92999
165030
299406
165122
162698
96004
93357
166281
164322
443
299957
165219
91721
162219
162119
2743
163535
301752
163387
91456
94668
97421
96738
4830
95708
161117
165680
300843
298746
95175
3091
297536
97216
166226
299057
167765
92237
167232
95230
166794
4795
300349
3160
298598
96080
390504
163660
167802
382580
301380
298684
4136
298326
5298
303338
161711
3892
291034
94218
162293
2986
294856
95790
93260
296716
161113
165999
300402
96987
93820
163486
91481
97189
5726
4751
4494
166551
302914
166914
298134
89070
299421
300691
301285
301506
3732
162047
301370
4660
4460
95338
166465
1480
300936
299960
2273
6589
96993
287909
3130
299327
163602
3922
301105
1935
92214
301674
97679
4097
2360
6569
2165
163173
164937
297248
97013
91920
17866
164502
94221
96627
4132
303601
2735
161396
569
385974
94073
93978
418
292723
301803
165484
5708
167003
92818
165066
302141
91320
92303
873
79345
5442
161306
297435
298580
300683
165427
91438
1622
92499
166246
6366
92892
167397
6052
5150
1155
92091
4088
3465
3279
94449
91845
2795
162527
563
2526
301972
299846
93008
6377
93515
301407
6603
300395
298143
93050
777
95601
166779
91678
2098
297846
96520
1081
164701
3285
86690
166071
300688
