4288
297104
162514
3012
16553
97293
3943
164486
161161
5458
95968
302864
165646
163649
96626
157300
301946
164540
302135
299724
161094
300034
166427
300584
81275
300058
296960
167283
300830
299506
4073
166773
162948
485
93301
2672
302162
388110
95365
162446
5131
92549
95575
6078
2860
167533
95099
296828
166526
93767
385116
5820
302913
297265
96080
163354
3131
1867
340
4600
92384
93743
164143
166604
95813
5395
301804
157906
302086
2376
6289
92709
162033
4039
167031
91131
297692
165039
92047
97452
297421
315008
287520
298950
2099
3795
4520
1380
1985
296943
164087
92296
97766
163863
6054
94701
3664
301739
166710
6435
296866
93189
167663
6380
295941
297624
96732
96214
299201
390975
302574
1329
298323
164095
302814
300277
216
5821
176075
4121
164453
167417
163226
1499
8902
302839
386393
166441
94013
161548
92038
94709
1754
5716
300440
299883
93065
106594
39
4719
302855
672
5874
93463
1127
297900
79481
167061
94932
323271
158592
93438
300872
167476
167757
163919
162512
96850
4786
91540
300704
165370
166506
5801
166449
300839
303590
301919
94505
95140
3297
92199
298370
301519
249
161709
298191
163312
165307
297277
387106
1016
166979
162140
160966
93354
299776
173378
162335
93688
297925
95229
303510
1523
9396
295629
301154
2603
906
300948
163372
2797
300567
92
1420
167552
4248
15125
298082
310207
91658
299421
97547
91764
161938
107701
159961
163570
94210
97310
302590
297358
4536
94671
3594
299071
165949
91206
95465
299183
300882
288524
5078
2928
315358
300121
301384
299194
93056
161276
1002
163555
301393
5430
94053
4669
4780
164715
298013
94628
382795
96106
6325
163256
97068
162904
297547
95958
548
109770
4429
92053
295970
297555
164710
95345
162407
97195
94216
97061
4925
164036
93140
94685
301597
94325
162054
93954
303322
163739
163576
296898
91817
166013
297251
166990
302067
170808
302170
93911
301193
152250
167728
5422
165188
3557
84
97042
96545
384317
5580
6172
92777
161353
13585
164117
95912
162560
297947
97671
303001
509
95222
92557
308757
165625
300207
303274
3335
93011
1730
93991
3366
90948
1024
303261
161832
92738
