165362
291899
298955
1634
296865
1786
4299
164926
14511
96510
161722
483
94565
149776
4968
5961
167771
81073
95870
163521
93374
161109
299242
300767
306423
164163
167749
165421
316155
96323
170420
89302
165549
108438
6866
155946
301423
1875
1407
161473
89675
3634
298845
93357
300794
12192
166250
94652
94897
5271
94659
296743
5418
4740
6231
6147
166711
302109
302397
299074
2670
301772
300176
1631
167418
306528
91165
6392
300224
161443
167681
301134
300465
165866
161744
5305
301005
303538
96674
95784
389390
299785
164343
294719
302944
5561
163491
2539
163510
301953
161873
5819
5338
298116
96301
6549
2858
994
166019
6603
5706
95942
300629
97327
93187
301245
302131
299642
305459
95759
2415
383050
165378
163672
3397
92356
167530
94514
4129
162416
97568
86466
93430
301170
303269
161514
297332
1576
296501
162531
302190
161319
91177
299199
300447
297598
94770
150998
310721
93177
5902
163096
301704
165299
93152
3288
1292
93057
3153
96988
299589
3346
297311
161349
302880
299956
297872
298606
91976
299308
297923
93620
4569
299919
166597
95151
161477
150365
382180
302236
92430
297279
1167
278
2058
297002
12241
92334
162197
96584
298404
312108
11076
165016
83758
6117
298596
95345
488
3918
166501
96858
92181
95267
8389
91899
161549
95261
4244
167121
5176
96680
166261
94068
164381
300617
3886
5879
162069
91605
92199
4206
96475
3270
3437
303395
293150
92426
91741
300696
297410
2134
162884
297384
91357
177765
2904
297260
5395
97414
1513
301535
167210
3361
166183
93675
5029
302093
297073
166822
95703
298283
1172
288000
91920
166656
92216
163861
91561
302697
311573
298105
298001
162085
170080
5934
1810
299251
1411
5944
93704
303074
298783
4750
303614
298064
299475
2930
296802
298968
164875
4831
162700
91198
86413
297404
95184
298481
200
163315
299484
96373
97218
93753
94806
301387
302907
97025
301481
93279
298540
6211
92632
4686
5762
167085
164629
93880
288388
164433
297246
4287
307722
165986
97679
2994
303580
106838
103684
6508
3670
5079
3135
3184
164683
298337
298855
297517
94284
300101
165752
1266
643
5906
164914
166621
165823
95779
