15.888	20.647	8.4
9.8109	25.04	3.4
9.4448	24.454	4.6
8.8591	20.793	7
16.4	21.013	4.6
9.5913	20.866	7.2
10.689	24.381	4.6
10.031	20.866	3.4
8.3466	19.475	3.4
8.7859	20.574	1.8
9.6645	24.161	3.2
16.327	19.036	4.8
19.109	23.795	1.8
9.8109	19.036	1.8
19.036	21.965	3.4
13.325	19.622	3.4
17.718	19.109	1.8
12.081	23.209	3.4
17.572	21.379	8.4
17.572	24.308	1.8
9.5913	21.452	6.8
19.402	24.82	4.6
17.059	24.454	1.8
16.107	19.622	2
10.47	23.063	4.6
20.134	23.868	3.4
12.666	21.452	1.8
18.231	19.329	4.8
18.157	20.94	3.4
19.109	24.161	7
11.495	24.015	3.4
19.475	20.647	1.8
11.495	22.111	7.2
10.836	24.015	4.6
7.9073	23.063	1.8
14.57	20.354	7
8.8591	25.113	4.6
19.988	22.404	3.4
10.763	22.843	1.8
10.397	20.281	3.4
16.254	24.015	4.6
18.084	21.306	1.8
8.2734	24.234	1.8
10.616	24.527	7
20.208	21.159	3.4
17.059	20.427	1.8
16.547	24.015	3.4
7.9073	19.256	4.6
10.47	23.209	1.8
19.695	22.258	4.6
17.865	22.697	7
8.7127	19.622	1.8
17.938	23.283	7
12.3	20.574	1.8
10.763	21.525	4.6
14.204	21.452	7
8.1269	19.109	3.4
11.568	21.525	4.6
17.645	19.695	7
17.279	20.866	3.4
8.8591	21.233	4.6
13.032	23.356	4.6
9.152	19.841	7.2
16.327	19.768	7
18.084	23.502	4.6
19.622	23.209	1.8
13.765	22.843	3.4
10.177	21.672	3.4
12.227	24.527	4.6
19.841	20.061	3.4
8.3466	24.82	1.8
16.4	19.768	4.6
8.9323	21.013	3.4
10.323	24.308	3.4
11.202	22.99	1.8
11.348	22.55	3.4
10.031	23.942	7
17.279	23.356	1.8
19.915	20.793	1.8
17.499	20.793	4.6
17.206	23.283	7
8.5662	22.55	7
11.495	24.454	7
12.813	21.159	4.6
16.181	24.454	4.6
17.645	24.527	7
9.6645	23.502	7
13.398	24.6	3.4
16.181	20.94	7
12.081	24.454	3.4
16.107	22.624	1.8
8.6395	20.134	7
12.373	21.672	3.4
16.327	22.55	7
9.8841	20.134	4.6
8.1269	20.647	7
16.181	23.209	4.6
19.109	23.942	4.6
14.131	22.111	3.4
9.8841	24.308	7.2
12.447	23.795	7
8.2002	23.063	3.4
15.888	21.965	3.4
12.74	20.866	7
15.595	19.329	7
10.323	19.329	8.4
18.89	23.868	7
18.743	19.329	7
16.107	22.404	4.6
13.618	21.672	3.4
15.229	21.013	1.8
9.9573	24.747	7
10.397	19.988	7
15.375	24.527	7
14.204	20.574	4.6
16.474	19.256	7
14.863	24.234	7
13.106	19.841	1.8
9.8841	23.209	7
13.106	21.745	3.4
19.329	22.624	4.4
18.157	24.381	3.4
8.493	24.527	3.4
14.497	21.159	4.6
8.3466	22.55	1.8
9.5913	19.549	7
11.788	22.184	3.6
19.475	20.061	3.4
9.8109	22.184	7
16.766	19.475	7
10.982	21.159	7
8.7859	21.965	4.6
19.256	24.527	7
18.524	20.866	1.8
19.036	22.917	4.6
9.3716	24.967	3.4
11.788	20.5	1.8
11.129	19.402	3.4
16.84	24.82	4.6
10.031	21.965	4.6
11.495	19.036	4.6
20.208	23.356	4.6
19.109	19.622	4.6
18.011	22.038	4.6
18.377	23.722	3.4
13.838	19.183	8.4
18.45	23.283	7
17.206	23.868	4.6
20.061	19.402	1.8
10.982	22.477	6.8
18.89	21.452	3.4
19.475	24.088	2
12.154	21.379	3.4
7.9805	21.672	7
15.082	19.988	4.6
16.693	19.768	3.4
18.45	19.988	3.4
15.375	21.672	4.6
19.915	21.818	4.6
20.208	25.04	4.6
13.325	21.599	4.6
10.25	22.111	1.8
18.524	22.624	7
14.79	21.013	3.6
13.765	19.256	3.4
11.568	22.697	7
13.691	23.722	7
12.373	25.113	3.4
16.766	19.549	4.6
8.8591	23.649	4.6
20.208	20.94	4.6
8.8591	22.55	1.8
16.766	22.624	3.4
8.0537	22.111	3.4
18.597	24.674	4.6
9.518	22.917	3.4
13.325	20.5	8.4
8.8591	23.356	7
17.425	22.331	8.4
9.5913	22.917	1.8
8.9323	21.086	7
13.032	22.404	7
18.963	25.04	4.6
10.836	21.306	3.4
18.084	24.967	1.8
10.031	19.695	1.8
11.275	22.917	4.6
17.791	24.893	3.4
12.007	23.795	4.6
14.057	20.134	3.2
19.549	21.599	1.8
13.032	24.015	1.8
9.3716	23.868	7
16.034	22.038	7
10.47	21.379	1.8
12.52	23.136	4.6
14.204	19.841	1.8
16.254	24.893	7
16.986	22.843	4.4
16.327	25.04	4.4
9.2984	23.502	1.8
8.6395	20.061	3.4
20.208	19.036	7
15.156	19.549	2
8.5662	21.891	4.6
10.616	22.404	7
11.934	19.256	3.4
13.252	22.404	4.6
14.131	24.747	7
10.323	19.329	1.8
10.543	20.72	4.6
10.689	19.768	4.6
9.2984	21.965	1.8
13.398	23.209	1.8
17.499	22.258	4.6
17.132	22.477	7
19.109	20.134	1.8
16.766	20.281	4.6
14.131	21.745	4.6
16.4	20.354	1.8
9.8109	25.04	4.6
10.689	22.477	4.6
12.154	20.94	3.4
11.715	24.6	1.8
7.9805	24.381	7
12.886	21.672	7
8.7859	21.086	8.4
9.7377	23.575	3.4
18.89	19.036	1.8
9.152	19.402	3.4
13.984	25.113	4.6
17.938	24.967	7
11.934	19.915	7
10.763	22.917	7
17.938	24.527	1.8
19.549	24.088	3.4
16.84	21.965	7
11.202	24.088	1.8
18.45	19.329	1.8
14.35	21.086	7
11.495	21.525	7
13.545	19.109	4.6
12.886	21.306	3.2
10.323	23.136	7
14.716	19.036	3.4
10.982	21.891	7
17.645	23.868	7
19.988	22.99	4.6
10.763	24.967	1.8
12.74	23.575	3.4
19.549	22.477	3.4
13.398	23.649	3.6
19.549	21.159	7
9.2984	22.038	4.6
11.861	20.5	4.4
11.568	23.063	3.4
9.5913	22.697	4.6
16.84	21.379	3.4
12.447	21.672	4.6
18.89	21.965	4.8
14.936	19.768	3.4
9.8841	22.331	4.6
8.7127	23.063	1.8
12.3	22.258	4.4
11.788	23.575	7
11.568	19.841	1.8
16.693	23.722	1.8
19.988	23.868	1.8
12.593	19.256	4.8
13.252	22.184	1.8
9.0787	19.183	1.8
10.397	23.722	4.6
14.423	20.574	3.4
14.936	19.475	4.6
12.52	24.381	7
17.279	19.549	3.6
20.208	19.988	4.6
18.084	19.695	3.6
17.279	23.429	3.4
8.3466	24.893	4.6
19.695	20.061	7.2
12.3	22.184	1.8
8.493	21.525	3.4
17.059	20.427	7
9.3716	22.477	3.4
8.8591	24.674	4.8
19.549	19.549	3.4
8.5662	24.161	7
19.402	20.866	4.6
18.597	24.967	4.6
16.327	21.891	1.8
13.032	25.04	7
15.082	21.672	3.4
8.3466	20.72	3.4
11.715	21.013	4.6
13.838	21.745	7
18.89	20.281	7
13.691	23.063	1.8
16.327	21.233	3.4
11.788	20.208	3.4
17.352	21.159	7
19.841	20.354	3.4
10.836	20.5	7
14.643	24.308	8.4
9.518	23.722	4.6
16.034	21.013	4.6
16.986	22.477	4.6
14.936	19.329	7
20.281	24.454	3.4
12.3	20.134	7
17.059	21.159	4.8
10.836	19.475	6.8
17.938	24.088	3.4
10.982	23.795	3.4
10.323	24.82	1.8
14.057	22.184	4.6
20.208	19.402	3.4
18.084	22.258	3.4
12.007	19.768	4.8
8.5662	21.891	1.8
8.493	19.915	4.6
13.472	23.209	7
18.377	24.088	4.6
7.9073	20.5	4.6
20.061	24.747	1.8
8.2734	22.184	4.6
9.0787	22.184	7
12.373	21.891	7
