299956
299084
164303
96238
297803
303623
299091
105444
2752
298855
301279
165299
96133
298671
303635
206
362
298842
166000
302123
163230
164749
6030
164313
92724
3208
1426
297257
291622
92046
175684
94438
1174
161938
161374
95950
302898
303100
97397
527
95204
301328
93964
164135
166028
298773
832
4294
296690
163030
698
165560
91783
1044
92748
96554
91193
301598
164321
5061
301082
301093
300203
3223
1237
297713
161625
301820
292726
302670
91306
157953
93203
94900
297227
96827
96589
302490
286475
1676
746
6489
91291
161151
3558
300146
94699
297932
298620
171948
5766
302510
168161
3678
167044
1177
3453
95368
299935
6435
162658
299484
297835
1933
299793
95026
302511
167171
302309
303509
852
301686
91301
3743
591
166978
4649
95831
302248
161183
164812
165168
296791
93145
165507
2699
161479
4139
90538
97464
167757
96845
302810
163248
298297
299467
301854
301363
5877
2758
97561
6606
3920
5272
161790
165689
298311
161766
298409
92024
92193
5953
296990
167558
96148
300734
297238
942
4763
303033
162565
2149
95870
5655
293132
161648
93535
161960
393099
300188
1801
165949
5188
298648
4745
5642
3310
96610
5677
2215
163859
4541
166363
165837
3842
147403
4353
81813
164998
165800
161504
300325
4942
4610
160390
6235
163243
161645
6064
298383
1500
92478
164259
163653
91272
167684
2551
302221
297736
164966
298254
296708
302714
1602
6524
166468
161327
79650
302579
95320
4853
297672
94426
303131
93926
298150
93482
93516
2010
300206
2204
301185
94982
107057
162128
97612
301133
160957
165748
163779
95822
81901
166021
164129
162766
163215
165589
164551
162236
109182
5163
92279
456
4591
297514
300825
2386
94132
92244
104526
1106
103577
391644
97253
1402
166545
4351
2880
102625
303325
301431
140
288095
299851
5374
6005
89879
94755
234
93427
300844
92569
164438
4393
299476
146181
163942
3442
38
96081
96291
5803
300306
166777
93083
297406
164799
290764
97062
6357
91855
95214
163080
302381
3642
1392
298131
303922
96277
299069
91753
300540
309081
163717
302677
92509
94221
97162
163735
303263
163047
180249
3358
2917
302725
300815
162808
296757
