3073
6273
1742
1902
91511
162592
302592
297073
93448
297003
2314
166467
777
92910
302967
93372
93551
165416
167209
303631
311149
302086
165608
153021
102967
166218
4026
301326
167701
301508
94489
297172
162937
95649
6416
93810
315560
303613
302943
97090
299840
302774
95995
94781
167595
92762
2865
302245
302870
299033
161482
159798
17224
298684
162308
3623
94712
162631
163214
300918
298752
52
300219
2138
4129
296982
1144
386466
97281
163280
91877
92618
161314
162378
161102
3921
91816
300397
93173
162759
3235
3541
5273
302432
3414
301494
5769
297067
298194
300660
165189
1712
285497
164852
2705
93198
96445
92396
92784
308053
300696
374
3703
302168
106165
436
3831
93869
3107
97596
5617
302335
93125
174553
91344
386232
3139
93178
311140
104723
302132
2534
297153
95905
95251
164167
165395
300953
97688
94097
162140
300211
166803
297659
303368
162744
381978
165616
161488
302450
92634
166349
2846
3501
298298
165873
166078
299061
165855
167449
302191
300556
95378
302405
93354
163887
94909
166082
164892
163607
2415
94640
97707
164384
162149
297953
166167
79769
163261
1834
299151
91834
91871
4277
346
298238
312958
161120
297650
390510
156131
299895
163046
303014
95899
164884
6187
299380
303573
303295
302011
299404
4217
94149
91503
3931
93976
299330
94077
4677
167145
287116
5166
299560
167358
94305
164977
4082
163373
96118
164677
301797
92601
166667
3293
302837
170347
165281
96075
1548
164508
93772
161521
358
2855
1565
303585
4851
161328
96901
164111
97590
165117
96604
299475
167021
297572
94947
297926
1485
93974
167943
2896
94328
97255
299750
166288
165939
91095
298723
300089
298405
313509
6431
387691
302279
296847
95509
4468
164351
298338
161893
165598
296399
302114
303246
1476
163746
2796
298109
96781
91798
165368
162915
2103
3722
167473
299000
95297
178163
301442
91477
3716
162354
94510
164489
297401
297428
301633
166834
303183
93678
1888
1907
95818
296679
391196
6454
165097
523
5305
166753
91901
300027
1289
300477
96547
6150
3856
298709
471
164259
161960
2550
297496
301245
5175
166258
96236
4762
172604
93781
87976
92093
93359
162117
163555
94663
