11.056	24.088	1.8
7.9805	20.647	1.8
18.963	20.354	7
10.031	21.599	6.8
10.763	19.768	4.6
17.352	19.109	7
18.963	24.82	1.8
12.666	25.113	7
17.499	21.013	3.4
19.695	21.159	7
16.693	20.427	3.4
18.816	25.04	4.6
19.988	21.965	7
11.202	25.04	4.6
20.208	19.036	1.8
12.74	23.209	4.6
12.666	21.086	7
18.084	24.967	7
9.4448	23.942	1.8
10.836	19.183	1.8
19.841	19.109	7
9.4448	24.747	1.8
19.475	21.891	4.6
8.6395	24.527	7
10.543	20.793	1.8
11.348	23.575	3.4
16.986	23.502	1.8
18.816	24.088	3.4
10.25	21.745	1.8
12.593	20.134	4.6
17.425	22.038	4.6
20.208	21.379	6.8
13.106	22.697	3.4
20.281	22.258	7
8.3466	22.184	3.4
16.181	21.306	3.4
11.934	23.502	7
8.2002	23.429	1.8
19.475	24.015	3.4
9.518	19.841	4.6
9.8109	19.256	1.8
10.25	24.674	4.8
8.4198	24.234	4.6
17.499	23.136	1.8
12.154	20.94	3.2
9.152	23.502	3.6
15.449	20.574	3.4
19.915	24.527	3.4
7.9805	25.113	4.6
13.765	22.917	1.8
11.568	19.915	1.8
19.768	19.549	4.6
15.522	19.915	7
13.838	21.525	4.6
18.45	24.967	3.4
15.888	25.04	4.6
13.984	21.452	7
8.0537	19.475	4.6
11.788	20.427	3.4
17.499	24.381	4.6
19.841	22.55	4.6
17.572	21.086	1.8
19.183	19.841	3.4
18.963	23.356	3.2
10.25	23.868	1.8
13.106	19.841	1.8
14.35	22.404	1.8
14.497	24.967	6.8
18.231	20.427	4.6
10.397	20.427	7
17.938	20.793	3.4
20.208	24.893	7
19.915	24.454	4.6
9.518	22.55	7
19.915	20.208	4.6
14.643	21.525	3.4
12.447	23.283	3.4
13.032	24.674	1.8
9.152	24.82	3.4
13.765	21.379	3.6
12.886	22.697	7
19.475	24.967	4.6
17.279	19.988	3.4
15.009	21.306	1.8
18.377	21.891	4.6
8.493	22.038	7
12.593	21.452	3.4
13.765	20.647	4.6
14.423	19.329	3.4
9.7377	24.454	4.6
18.011	21.233	7
14.131	20.427	4.4
15.961	21.233	7
15.229	19.695	1.8
16.4	24.454	1.8
18.963	24.967	3.4
20.134	23.868	7
11.568	22.404	4.6
12.447	20.354	1.8
9.518	25.113	4.6
18.45	20.94	1.8
10.47	23.575	4.6
17.791	24.82	1.8
9.0787	21.013	7
10.104	20.208	4.6
17.791	20.281	1.8
17.938	22.77	1.8
10.104	24.088	4.6
14.497	21.965	3.4
12.081	25.04	1.8
11.715	21.525	4.6
9.5913	19.183	7
16.181	23.868	7
17.059	21.379	6.8
17.938	24.6	7
20.134	24.454	1.8
11.641	19.988	4.6
10.397	24.967	1.8
16.4	24.015	4.6
7.9805	19.549	3.4
16.84	19.695	7
17.865	24.161	3.4
11.568	23.942	4.6
11.934	19.036	4.6
19.841	19.475	3.4
16.254	24.893	3.4
10.763	19.988	7
12.74	23.795	3.4
16.181	20.427	7
10.323	24.308	1.8
15.888	22.038	3.4
18.597	19.768	4.6
19.109	23.429	7
13.618	19.109	4.6
11.641	24.747	7
18.011	23.649	3.4
13.838	22.404	4.6
15.668	20.5	4.6
9.518	21.452	3.2
19.329	21.745	1.8
8.2002	20.208	3.4
17.425	20.793	4.8
11.788	20.647	1.8
12.52	24.674	7
15.668	22.111	1.8
19.109	22.184	6.8
17.865	22.477	6.6
11.568	24.6	1.8
9.2252	22.258	1.8
8.4198	19.329	4.6
16.84	23.063	4.6
17.132	24.234	1.8
17.279	24.967	1.8
16.693	23.795	6.8
10.616	20.281	3.4
10.689	19.329	7
14.057	19.768	1.8
9.6645	22.697	8.4
13.765	21.891	7
15.815	22.55	1.8
8.5662	24.527	3.4
19.183	23.795	1.8
8.4198	23.868	3.4
16.254	23.575	4.6
11.568	22.843	3.4
19.622	21.452	3.4
19.329	22.843	4.6
10.031	21.013	4.6
12.227	19.988	3.4
18.011	20.5	4.6
17.352	22.917	4.6
16.181	22.697	4.6
12.593	22.477	7
18.67	24.6	3.2
9.6645	19.183	3.4
11.422	23.429	1.8
10.689	22.99	4.6
20.281	21.599	3.4
19.475	23.502	4.6
8.9323	23.283	1.8
9.518	24.308	7
14.057	24.6	7
13.325	24.82	3.4
18.524	23.502	3.4
12.154	20.5	7
20.061	21.599	4.6
9.3716	23.575	4.6
8.5662	21.745	1.8
13.325	24.015	1.8
14.057	24.747	4.6
11.202	22.77	7
14.204	21.745	4.6
10.323	21.306	4.6
16.474	20.354	4.6
13.398	22.843	3.4
14.497	21.086	4.6
17.132	22.258	7
12.227	19.915	6.8
8.9323	19.475	4.6
17.791	19.768	7
10.47	23.502	3.4
20.061	21.013	3.4
16.84	19.988	1.8
20.281	19.183	3.4
8.5662	22.331	1.8
8.1269	20.134	7
15.815	19.256	7
13.325	21.599	4.6
10.104	22.917	7
19.768	24.234	7
11.495	21.086	1.8
12.3	24.161	4.6
19.329	24.893	7
10.104	23.575	7
11.348	22.404	3.4
8.493	24.747	8.4
17.572	20.866	4.6
17.572	24.747	3.4
19.475	24.747	4.6
16.547	24.454	3.4
18.231	24.234	1.8
19.036	20.281	1.8
15.009	19.109	3.4
13.325	21.672	3.4
8.9323	21.672	1.8
20.061	19.622	1.8
20.061	23.868	1.8
11.202	21.965	7
18.377	19.549	1.8
16.693	20.793	1.8
8.4198	21.818	4.6
16.986	23.575	4.6
8.7127	24.161	7
9.2984	23.868	3.4
10.323	20.72	3.4
16.62	19.036	7
12.154	19.988	4.6
19.036	21.599	3.4
12.447	21.818	4.6
10.982	24.234	4.6
12.154	23.429	2
11.861	21.379	6.8
8.6395	20.793	1.8
10.397	23.209	1.8
17.499	23.722	7
8.1269	20.647	3.4
17.572	22.697	1.8
16.693	22.331	7
10.982	22.99	3.4
16.913	23.575	3.4
13.911	19.622	3.4
11.934	22.917	7
16.4	21.306	1.8
19.915	21.525	3.4
16.181	20.061	3.6
19.915	21.013	1.8
20.134	22.917	8.4
12.886	20.427	7
11.788	21.965	7
19.695	24.747	1.8
7.9073	20.866	4.6
9.8841	22.258	3.4
8.6395	20.061	4.6
10.836	24.674	3.4
10.689	22.917	1.8
10.616	20.866	3.4
17.425	22.477	4.6
16.693	19.695	3.4
19.109	21.379	1.8
9.4448	23.942	7
17.645	24.234	7
19.109	21.525	4.6
14.423	21.306	7
8.2002	20.354	4.6
9.3716	23.502	1.8
13.398	22.111	8.4
8.9323	19.695	3.4
15.156	20.793	8.4
18.743	19.402	7
9.518	21.965	4.6
15.302	20.061	3.2
14.716	20.72	4.8
16.107	22.477	1.8
18.816	22.111	4.6
16.034	24.454	7
8.8591	21.672	7
13.398	23.942	4.6
14.79	21.965	1.8
18.67	22.624	1.8
11.275	25.113	3.4
9.7377	19.622	7
10.763	22.624	4.6
8.6395	20.94	7
13.252	21.086	7
12.3	24.893	3.4
12.373	19.695	4.4
9.152	24.747	4.6
12.52	23.722	7
8.3466	23.063	3.4
11.422	19.036	4.6
9.2252	22.843	4.6
15.009	19.402	7
18.157	19.841	3.4
8.7859	19.841	7
14.79	19.256	4.6
10.104	21.818	3.2
16.181	24.015	1.8
19.329	22.624	3.4
18.743	24.381	7
17.572	20.354	4.6
8.9323	19.988	1.8
17.718	22.99	7
20.134	23.795	3.6
13.325	22.55	4.6
19.915	20.061	3.4
9.7377	24.088	1.8
12.886	23.209	1.8
14.79	20.866	2
14.936	21.525	4.6
12.081	19.329	7
18.011	21.745	7
17.572	21.599	1.8
16.84	22.258	8.4
13.252	23.795	7.2
18.304	21.745	1.8
12.154	21.818	7.2
10.397	19.109	3.4
12.373	22.111	1.8
