164940
91902
299191
97508
299252
298352
97098
300629
4214
4640
3021
167224
2255
300409
1572
161283
2740
97124
5982
296827
2939
20
93988
164904
298051
315178
298101
162200
10343
162270
4431
161152
6584
94751
164
96857
95615
302856
299298
163315
92838
177678
298611
166741
293169
162052
166583
91559
146602
1482
161786
299562
165541
3344
167627
105218
96076
299538
10089
161822
315807
302479
302509
297911
96386
3547
299634
312078
162447
166918
297065
3677
3800
92932
167582
161156
180099
385721
300149
192
4207
292957
4257
4790
166176
16529
162921
97285
79
95505
165568
1180
167668
300248
5547
95905
301926
998
5271
392704
161962
94900
3399
159858
167169
519
862
96832
1661
2724
165378
165184
92326
165097
97011
95473
163484
163875
301488
297491
163855
163759
12187
165616
163845
164557
6089
162672
301130
296728
4876
153940
2247
91989
301417
302654
164249
299392
166255
302404
93256
163472
164376
93117
156066
162579
298340
297747
302985
97778
4854
301897
1283
303613
162960
91789
3601
2447
92446
302657
588
1897
308
4501
96936
6038
163839
92681
1956
302974
165485
161378
93970
93029
163060
5516
5341
561
167372
297255
307578
161276
164769
6234
1767
297426
94121
165945
165658
163254
166521
5631
163370
2667
92262
96864
303311
303446
160957
163247
300621
4647
1224
94828
96119
96190
303649
162624
95894
171634
162657
97745
97272
179925
93567
6580
971
1842
5212
166278
302951
91280
165052
164387
94938
150332
92817
4440
4472
300210
5966
96304
302851
4160
306665
94162
156985
164264
787
5746
92417
96519
158556
5544
6265
3185
91453
297924
2597
302119
302919
3295
84966
149323
164209
297485
3484
92290
1763
302328
166612
165176
93425
162752
100500
167525
303431
93784
301009
94422
1971
297238
93796
2347
95230
1236
298702
162539
97518
298876
299177
92225
301752
1984
97499
5644
166933
1552
297503
299171
160942
94537
5696
305109
97541
5525
96324
103821
162538
164169
301435
94480
3026
300439
303191
4825
386950
92632
298621
302924
300769
95794
91645
297046
96437
1702
161123
598
303111
300238
527
290493
166064
162937
95147
174483
165930
298225
