107377
298586
173979
5332
1475
302512
93812
297267
301898
4564
3891
162472
164366
94113
302671
91444
299760
299218
165671
5924
5105
97454
314284
91676
103121
163340
5877
94155
167646
162642
5006
297270
166538
161577
321
2028
302425
94840
5375
164309
85793
167484
92151
91183
95868
95776
297998
1163
166408
93049
94014
388383
94636
301123
93358
300552
5080
297730
386641
298922
166602
93237
163772
163258
16226
302212
162103
91822
291253
298471
297765
300340
161306
303024
166738
164923
1985
163798
300414
297181
300098
93332
303153
172854
447
5226
167016
167039
2825
297288
2338
163511
6068
303453
296955
1551
3252
91659
6201
302606
166414
288214
165362
8289
5548
164144
10565
95503
166435
94928
93093
7248
302228
165478
165217
165615
86666
300680
166150
303009
95153
163957
164769
1182
301575
316345
155180
302940
160983
93065
82521
3782
297602
167822
301309
301465
298363
3819
93693
165970
94208
302920
391368
299624
165200
164643
167429
308053
5197
3647
164267
165841
4374
298633
164613
298688
4949
165523
149317
301427
96308
166797
164264
7375
298304
4045
5303
299870
297723
167182
91351
3063
91693
5417
93959
2467
163529
162908
95469
97085
160974
301654
303349
166327
95417
93796
94652
94274
298078
162124
95430
299543
302698
4385
96246
91308
161687
94281
96592
97069
165096
93705
97667
3371
2716
81976
91263
299091
301992
173481
92
93726
3528
161889
97127
288955
298205
303412
299403
42
14999
97446
6180
301714
96274
166203
161875
393310
3079
299486
161221
92959
167025
301542
91586
162672
96756
1541
92436
301523
108225
299738
106587
5531
395
95087
5512
93542
10255
299430
95745
3918
2957
167409
296929
97193
94407
930
96699
298314
6307
848
355
92379
93896
97532
305965
92577
735
161891
6468
297990
103658
161997
302223
4744
162801
301019
96021
161495
2452
2149
163492
5837
300018
162157
165182
4001
163667
94659
163552
97105
299601
3787
97239
165487
1636
96279
162335
178661
167791
149830
166756
92727
301824
382842
313605
6365
6559
162836
299083
300887
93408
287581
165748
91840
808
163374
161324
298127
2728
86160
2846
303568
95939
300929
162304
2077
