95958
6259
299607
299001
161770
300411
162262
165148
4659
164687
165041
298635
161528
301957
94260
161698
165574
163471
301499
95544
91692
92584
92206
1581
302091
6391
151686
2581
93273
6113
299857
302946
85995
3919
315694
95321
5849
162557
97127
166025
163584
96895
778
163021
1287
301076
298407
97472
298547
95190
299958
95708
151897
301556
302270
165220
4351
300301
166910
302511
303416
296710
167103
95121
302691
299324
163193
164164
165396
165455
299081
298879
156237
317556
297946
94584
2745
92532
298316
95189
6237
299456
94310
164231
5267
300930
297211
296881
97259
165004
93550
94652
1985
4118
301097
5872
300389
297852
297936
1027
303246
4217
166586
93467
166509
95085
1202
300451
299909
170366
97139
5209
960
3799
96912
162413
91991
92485
165472
94093
392765
299429
96243
300144
160964
297157
300652
178001
97093
94690
3568
96789
5047
302734
299040
93947
109026
93972
162119
2767
91837
166773
94086
2915
162626
296746
164177
95430
165262
165875
95830
298199
301859
1005
97623
166938
165348
170807
166653
86706
297732
297386
6417
388366
385276
166838
161635
91145
1698
299298
155372
167787
163853
163995
2170
95199
92552
290151
297053
94102
155465
1600
165422
1368
91867
298216
315479
296653
167709
162912
297299
148696
3149
93397
167070
3068
300436
297775
95233
161283
298650
307149
302711
301049
95951
4848
161547
3241
1259
97371
16179
299201
166057
297398
98
165827
164805
302018
97579
167367
152988
4317
166714
96907
4571
4676
167240
92388
2690
164170
167575
297866
298293
167548
173
302637
301625
1247
5456
96384
310
302441
96179
5912
6012
6267
93088
94341
303260
166328
109203
96418
166523
2528
167690
164257
167272
6335
92961
510
300994
161872
301180
1726
92012
303398
93282
96532
299486
290056
91467
161350
94673
164392
97576
167525
836
6498
2126
94352
163253
2191
298928
253
91409
164669
96623
94413
4586
92361
304866
169820
296910
297410
94809
161416
291196
162589
167058
94913
150460
164110
3517
3974
163763
2742
3311
300441
91892
91786
96690
91368
288596
165084
164056
296904
91631
5618
2438
3007
161848
1034
377247
3449
300342
164537
299710
92819
