91996
5577
4185
301278
91817
158257
166976
3091
987
95131
164822
173
296369
92720
92449
171643
91191
6387
97654
101240
166145
291555
5717
91117
3736
303385
91292
96120
93994
301894
297613
96618
95880
162438
1389
6170
302186
3682
162427
300165
166319
296978
97725
94584
1685
4425
303625
299877
163746
300892
167524
300062
167463
165092
163456
2457
165903
300695
295451
161633
2947
577
166066
299378
95065
301909
167288
299061
160930
164185
3139
302571
298081
299674
5398
163100
96810
300503
96799
301476
102130
1596
300278
4470
385825
166719
162202
4701
91592
380917
91221
164068
5741
169829
159823
298062
93508
296717
297533
2145
96766
165080
94120
303414
3458
300296
97222
93670
297043
164501
165311
302373
165529
13447
92246
1812
163044
2524
97757
5834
1482
302564
299465
95228
165661
5848
154724
2693
95587
300539
303220
166851
169364
93115
301226
298095
4983
738
5579
97592
163811
1616
3398
300018
302581
6411
93599
1147
297550
302265
165296
297737
1657
2789
4487
301417
294441
97000
103150
296789
4267
95263
1031
4877
166530
166072
5362
95015
910
6357
167660
162379
3469
3842
167504
5124
166586
5275
161569
93129
164989
104093
300329
1215
297697
94871
164502
302432
166417
167007
163102
92562
390120
300613
166097
429
87817
92935
6523
302664
97558
95623
163586
300113
313880
3365
4940
163261
300570
163581
297447
161046
96611
156988
3602
93522
161550
97260
95570
91419
298847
310913
166068
92928
298472
2312
166950
96933
95169
167785
96598
97103
4158
395
298315
166965
166408
296702
96108
94574
95305
94858
6574
97414
91365
162279
162925
299115
1603
96802
303051
302301
163617
93504
94012
301926
303504
2940
2176
2127
301861
96868
300198
162558
167095
298789
165487
1234
163740
303374
855
94600
301128
6539
302976
93915
309116
6196
169159
301615
297171
1431
5854
94278
92170
97747
6223
301306
298866
297774
163471
162090
91762
96990
99793
95818
166729
94287
161065
91331
4806
303158
164191
93790
165403
164354
163077
93760
92056
166683
162982
179287
3974
167548
388155
297398
165205
92025
161579
93832
151684
298844
93640
93372
161331
297461
303035
12073
