163218
176335
96209
164891
5018
115
165501
164677
162108
5120
163121
5795
83453
303109
91231
153059
303563
995
4688
303508
300811
95548
166474
4028
2475
4067
162484
93820
165427
162350
297334
297178
94942
3836
302174
164285
96194
301326
384126
297764
643
301935
95850
2115
161151
163950
92688
162171
297555
295977
92058
302396
161144
96565
94606
167757
96782
1686
297748
297996
165919
192
91334
301048
2829
96296
94990
5869
177096
315901
163812
4803
298538
95000
164313
96758
305914
171023
163132
761
734
4276
303505
163878
97170
301431
300452
300645
164269
3597
165665
97305
4714
4280
299428
307209
301868
6417
91999
166800
95708
302475
165699
303222
988
1568
161568
3445
3668
6324
93488
5427
297009
6085
302145
298340
94687
94834
302114
160955
164474
301490
161156
4109
300448
302062
312273
311849
94825
93847
299001
97764
161284
96770
1747
2772
155
2951
2507
167326
3945
91384
300468
8300
299224
2666
162681
161351
166184
97619
2388
164577
257
166933
298891
300309
97751
164144
96965
87022
388259
1283
298694
91686
4534
97000
97031
93935
95916
167642
561
1124
95909
2587
302264
99572
152028
164699
161278
3212
3145
163780
300063
164199
302876
303592
4929
299157
3018
173968
5449
166297
299602
3606
299758
303740
81252
5226
15421
166885
94451
92015
93052
315597
176952
163521
297596
5647
301458
303480
6407
108773
161860
299668
298671
87911
167062
301976
105477
93436
175335
286510
298067
93747
94698
165402
1670
161632
2329
163313
167509
180276
4867
96388
6301
94632
165775
93584
96820
94842
91770
303091
299819
3294
302965
107180
624
162562
299939
297940
91750
306725
161961
3496
162149
165170
2779
97526
297540
14195
6291
94330
93294
162626
94356
162785
3781
163654
1227
300724
297480
3816
299930
5778
94432
165049
95100
165293
299207
301268
164036
3193
95267
3880
301817
166433
91697
299456
5290
4608
164788
5861
301741
95830
301032
303142
94160
96487
305137
4814
301182
95332
174752
382666
298447
162803
93174
1899
164191
96584
302697
161692
302134
6431
297844
162321
94380
242
1653
301775
167498
5392
92381
92519
167066
296982
949
94800
