11.495	22.843	4.6
12.959	23.136	4.6
19.841	23.649	1.8
9.152	25.113	1.8
12.959	19.183	1.8
8.9323	19.695	3.4
11.495	24.747	7
20.134	24.161	7
13.472	20.354	7.2
18.157	23.209	4.6
8.1269	23.722	1.8
13.252	19.695	3.4
8.2734	20.061	4.6
14.204	19.915	1.8
9.0055	24.015	4.6
14.497	20.793	7
13.398	22.697	4.6
12.154	19.549	1.8
19.329	25.04	3
9.0055	22.843	1.8
15.815	24.6	7
18.816	24.82	4.6
10.323	20.208	7
13.472	22.697	3.4
13.618	23.063	4.6
9.0055	19.402	4.6
10.543	20.866	1.8
10.763	22.843	7
16.913	19.841	4.6
19.329	20.134	1.8
18.304	19.036	7
8.8591	20.793	7
17.059	21.818	7
19.988	23.283	3.4
11.568	21.452	3.4
19.988	20.354	3.4
19.988	20.208	4.6
10.763	19.915	7
10.47	22.477	4.6
8.7859	19.036	7
19.329	21.159	7
8.2734	22.184	3.4
13.765	24.308	4.6
10.104	22.843	7
12.3	22.038	3.4
8.1269	22.843	1.8
18.377	21.159	1.8
15.961	21.159	3.4
10.689	19.329	3.4
16.327	20.866	7
12.593	20.866	7
8.5662	20.208	1.8
10.616	23.722	7
18.084	19.256	1.8
11.641	22.404	4.6
12.52	24.674	3.4
11.422	23.209	3.4
17.572	24.82	3.4
10.909	24.381	7
20.061	23.942	3.4
19.622	21.306	3.4
9.0055	19.109	4.6
16.034	21.013	4.6
14.936	19.475	4.6
10.104	19.256	7
11.202	25.04	4.6
18.084	23.795	3.4
13.325	23.795	3.2
19.695	19.549	4.6
17.352	22.258	3.6
13.691	22.77	1.8
18.231	20.281	1.8
20.061	23.722	4.6
13.618	20.354	4.8
11.861	24.161	3.4
17.206	19.036	7
16.254	20.427	3.4
17.206	24.308	4.6
9.5913	23.356	7
15.595	24.454	7
8.493	20.5	4.6
9.5913	19.915	8.4
17.718	19.988	3.4
10.616	20.354	1.8
16.84	22.258	4.6
8.2734	24.967	3.4
9.5913	21.818	1.8
12.813	23.575	7
8.7127	22.55	4.6
11.495	22.55	7.2
19.109	22.477	3.4
19.036	23.649	1.8
18.304	20.427	3.4
7.9805	21.013	1.8
12.593	22.331	1.8
18.89	20.061	4.6
19.109	23.942	4.6
12.593	24.381	6.6
19.768	21.233	4.6
13.984	19.183	4.6
20.281	19.622	1.8
17.718	23.722	4.6
11.641	21.379	4.6
10.543	23.429	4.6
9.2252	20.647	1.8
10.104	21.452	3.4
14.277	21.891	3.4
18.743	19.622	4.6
13.179	22.99	7
19.622	21.159	7
19.183	21.525	3.4
16.986	24.234	1.8
12.007	23.063	3.4
12.447	22.111	7
10.543	23.502	7
18.157	24.967	3.4
9.8109	24.6	7
18.963	22.111	4.6
15.522	25.113	4.6
13.545	24.015	7.2
17.645	20.866	3.4
10.031	23.429	7
14.936	19.768	1.8
17.352	19.256	3.2
20.134	23.283	4.6
12.447	24.308	1.8
12.227	21.013	3.4
9.8109	24.967	4.6
8.0537	23.136	3.4
17.865	24.893	7
13.398	24.674	3.4
18.524	22.697	4.4
13.032	22.477	7
12.447	20.281	7
19.109	20.354	3.4
12.007	21.525	2
16.913	23.649	3.4
13.032	20.647	7
9.3716	22.404	3.4
9.518	22.184	7
10.982	24.161	4.6
19.475	21.599	1.8
7.9805	22.697	4.6
13.252	19.841	1.8
10.397	23.942	1.8
16.474	24.82	7
16.62	21.013	1.8
8.5662	24.088	7
20.134	20.134	7
18.89	21.672	1.8
13.545	22.331	1.8
14.277	20.134	7
11.348	24.234	6.8
17.425	23.136	1.8
20.208	24.527	1.8
8.2734	19.402	3.4
16.254	19.475	3.4
17.425	19.841	4.6
13.032	22.55	4.6
14.057	22.184	7
18.304	21.233	7
14.423	24.454	7
11.495	21.306	7
10.177	24.234	7
11.275	21.818	7
17.865	22.184	4.6
9.2984	21.745	3.4
8.6395	20.793	1.8
17.865	25.04	4.6
14.643	21.159	3.4
15.449	21.306	1.8
10.25	22.184	1.8
12.813	19.109	7
10.836	24.454	3.4
17.352	19.036	1.8
19.841	19.841	3.4
14.35	21.672	4.6
13.472	19.402	1.8
15.815	24.088	7
19.183	24.6	7
16.4	21.086	3.6
10.616	21.672	1.8
12.813	23.356	1.8
11.422	23.722	4.6
16.181	23.868	1.8
18.816	19.988	3.4
16.181	25.113	4.6
19.915	22.55	4.6
17.645	20.354	4.6
10.397	19.036	3.4
11.056	22.843	4.6
11.715	20.427	1.8
12.447	23.136	4.6
7.9805	20.72	1.8
10.763	21.525	3.4
18.304	19.549	1.8
17.425	20.281	1.8
17.352	21.891	4.6
13.838	25.04	3.4
11.422	22.697	3.4
8.2734	24.82	4.6
10.397	21.452	4.6
9.0055	24.454	3.4
10.836	22.55	3.4
18.597	24.82	3.4
9.8109	23.575	4.6
17.572	24.6	1.8
11.715	23.429	4.8
10.397	23.722	4.6
14.79	21.599	4.6
13.325	23.283	1.8
8.2002	19.256	7
8.3466	20.94	7
10.763	19.329	7.2
8.2734	19.841	7
11.788	19.256	7
11.129	23.063	1.8
19.329	24.381	1.8
12.666	21.818	7.2
9.8109	19.183	1.8
9.152	20.354	7
9.4448	24.674	4.6
13.106	24.454	1.8
12.007	24.82	1.8
8.4198	22.843	3.4
12.52	20.866	1.8
8.4198	21.965	7
10.616	20.866	4.6
19.695	22.477	3.4
13.545	23.429	4.6
18.231	23.136	7
16.4	21.745	1.8
12.154	20.061	3.4
10.689	20.647	7
16.474	23.795	4.6
11.275	22.038	4.6
15.888	22.038	4.6
9.7377	19.256	7
19.549	25.113	1.8
10.104	24.381	1.8
8.0537	21.306	3.4
10.323	22.038	6.8
16.84	23.209	1.8
15.082	20.427	7.2
16.181	23.795	3.4
17.499	22.77	3.2
9.518	23.575	6.8
16.913	23.136	7
15.741	22.258	1.8
16.107	24.6	4.6
9.518	24.015	7
11.056	23.942	1.8
11.056	23.502	3.4
16.254	22.038	7
10.763	20.427	3.4
19.768	25.04	3.4
7.9805	24.82	7
12.3	22.843	2
18.67	22.038	3.4
15.741	25.04	7
10.323	22.77	1.8
14.057	24.381	7
10.836	22.917	1.8
18.084	23.136	3.6
12.959	25.113	4.6
9.518	21.013	3.4
15.009	21.965	3.4
19.329	20.061	7
16.034	22.917	4.6
13.911	24.6	7
9.2984	19.841	4.8
8.1269	21.379	4.6
15.815	20.5	4.6
16.327	22.624	4.6
9.2984	23.868	1.8
10.47	22.697	3.4
15.009	19.622	3.4
9.518	24.6	1.8
16.181	20.281	7
10.616	22.99	4.6
12.007	24.674	7
8.7859	22.77	7
10.689	24.82	7
10.47	20.793	3.4
11.056	20.72	4.4
13.252	24.6	7
16.181	24.747	3.4
14.35	20.793	4.6
9.9573	22.038	4.6
12.373	25.113	1.8
17.938	19.549	7
19.256	19.549	3.6
8.493	19.915	3.4
17.938	24.015	1.8
15.741	20.94	1.8
19.036	21.086	3.4
18.597	24.308	1.8
10.104	23.868	3.4
12.74	22.843	3.6
13.032	24.088	3.4
13.984	24.747	4.6
18.816	23.283	7
14.423	20.647	3.4
9.3716	23.063	3.4
18.743	19.402	3.4
11.715	22.843	2
15.009	24.234	7
18.157	21.965	8.4
14.57	21.233	1.8
12.227	21.525	4.6
17.352	23.868	7
17.645	19.915	1.8
10.836	22.477	4.6
17.132	21.379	3.4
17.132	23.136	3.4
14.277	20.866	3.4
8.8591	21.306	4.6
8.7127	24.088	1.8
9.4448	25.113	3.4
8.8591	23.356	7
18.89	20.647	1.8
20.134	20.72	3.2
10.397	23.356	2
9.9573	25.113	3.4
13.252	20.281	3.6
18.816	19.329	7
12.154	24.015	4.6
15.888	22.331	3.4
