105983
5922
165844
4200
97683
299723
166922
299121
301655
93307
165389
148888
3424
97338
162592
1489
4450
95506
94645
165233
166199
297462
166880
939
166638
166802
302079
93897
316
162808
163814
205
302463
6050
93509
1891
96704
301297
760
163230
87804
302151
304450
166796
94173
3780
5131
116
5198
300877
92248
3930
298799
302664
97739
93385
1072
3562
315205
94421
300174
96779
626
89071
302942
298662
95216
161742
92774
165679
162161
164027
296800
3096
162275
443
300573
2260
95650
96599
3367
92118
1295
92029
94749
170800
300031
298514
2767
91238
297289
179419
300564
167722
97462
95064
2740
79247
91608
16402
301092
96335
914
1995
298533
2078
302549
6295
165236
163178
1077
163489
163881
161243
167482
165904
2427
162700
302625
302912
166166
6022
298108
388751
297263
161891
302867
1481
299078
92825
5212
303750
297602
300455
3792
313126
302767
3238
91413
162442
97586
96063
5432
91671
94201
94500
299200
93460
95525
297667
301725
96545
301896
9900
298601
301463
161308
164089
5663
298089
88794
2548
299002
96195
299421
292595
97234
300122
92477
4424
2330
166583
87928
301196
303493
91448
163680
91821
82917
4428
3735
164320
10339
302482
301007
5115
154125
6557
156352
93097
300837
6369
138
165342
299493
95563
95520
296664
165914
165256
93603
167156
228
85672
286502
2037
298948
299490
303117
95392
91584
300036
300939
167469
94915
166935
301879
368
301520
4612
164875
91257
93486
5424
3693
96228
299908
162908
95187
94352
167691
108428
299527
91882
161329
4474
94698
3079
303609
5477
161555
167812
2932
300603
92526
294099
6160
96886
96990
302376
296939
164628
391603
303219
149853
303436
167211
298731
171941
5492
83
157003
3515
300972
165528
96220
298656
2473
95215
15766
175176
164740
164753
161267
94187
165223
166139
162789
95048
163987
3254
163599
306173
167732
96423
166271
6512
5907
164919
93684
4725
299036
301682
163570
163286
6494
92040
303459
159323
1705
301118
5777
297356
95850
300303
388697
167111
152962
4736
155787
94847
173390
163725
1512
299827
297978
93161
162642
6265
301086
176578
298299
160962
164456
302264
300135
169097
164076
