82534
162278
97180
301967
6389
1422
302502
93868
5092
164959
94373
374
3189
3893
302656
97778
5931
167253
92455
163589
4827
163037
96612
301328
92095
95647
4911
298152
166378
383400
3584
97324
4620
298397
3318
162689
92378
300920
301200
95314
161408
166989
95989
162288
2191
97201
164788
301214
92679
163178
95152
163414
299929
300943
301167
298284
315959
297462
165576
5792
91108
94493
166793
92217
300065
165464
166636
97053
303516
91939
298158
1761
303175
95429
97071
81877
93979
94186
96102
298607
97242
8724
95967
162981
301546
91242
300882
163837
303079
164517
2900
300381
161126
572
162527
91595
3838
167185
159
165495
298314
300379
161979
93816
88131
4318
13368
163442
92175
165755
5347
94907
95388
163897
161660
93091
285369
166321
165107
300568
82686
161178
95405
94365
3541
2984
301976
307116
292803
314662
10580
300049
161626
162912
167779
91087
303629
163867
166878
94902
5261
297202
95145
93806
2265
298472
165657
161397
43
299453
164574
162698
179721
301268
6406
302797
300434
91094
95693
4881
4564
91620
6278
97417
160212
6751
103
300576
6384
2844
1768
96584
93075
4080
297647
6420
161827
300688
4762
303297
165635
301401
167502
95079
1702
5861
164852
299664
94105
92025
301496
303108
2310
79216
92446
155464
175705
94397
162062
164009
96199
1084
169156
167701
164154
3834
389939
299441
159564
11949
97384
93520
165128
3347
162467
97759
166569
93269
301617
156902
160950
296873
2868
2656
163510
1360
179196
3712
299092
165307
97000
3468
296931
164329
305158
96301
299516
156526
167100
92855
302621
93430
91731
166234
6246
299611
95871
303027
94752
385124
95496
165325
164249
167676
3640
299861
300873
92087
92497
161551
165343
302305
388810
91334
163048
163020
298630
164132
298906
300477
297361
93686
302614
94340
178103
300113
298733
303228
97678
96053
390126
5798
96681
97299
166832
3138
163284
299662
91902
297989
302932
4413
164279
161423
162455
95109
297240
163506
302574
165446
91585
690
712
1071
297452
297722
102958
166198
2389
163003
138876
297100
92864
161746
165848
95042
161153
8834
309451
96130
380980
300227
300291
160970
6164
161721
96226
302426
