162242
91118
300771
92302
3314
96348
298587
93227
165020
388205
4566
97557
303145
298728
95282
162082
392061
299796
97305
108685
6549
163110
169843
100846
297066
285453
301298
300022
93040
5781
97363
2448
6095
164612
92637
91228
91151
303388
300206
300150
108
3472
94620
81413
2083
900
300656
1442
95821
95057
303002
16512
3385
174
6075
303254
93914
94527
91101
6143
298079
165564
1993
3542
167042
4517
93824
314649
91867
4459
302485
5007
303207
300758
316044
94153
94148
97675
299804
2541
2246
300457
303259
297922
300483
165084
641
299274
2925
94037
94391
163318
1375
166885
2298
5943
154739
5383
94063
96529
164351
3980
297356
300536
96911
97618
299171
163403
91449
301927
298029
2698
168963
384119
162994
164554
92012
161907
91335
5883
95244
162738
1620
