91825
167486
96282
151062
93862
6060
298070
162540
97642
96619
93819
97382
161546
161436
300438
299871
296993
94491
2508
301706
4814
303177
85225
164395
298387
165885
160232
96531
5748
94113
300214
1328
94818
91680
96562
297431
165397
92514
4720
2916
299772
94062
161958
4352
1171
299087
311865
94963
302724
91631
300532
3991
165562
97469
165995
5347
4394
298099
302146
95987
92825
301340
163068
94216
302972
300153
302954
94510
3048
178477
92681
301024
300942
3982
299359
161066
93391
91776
297290
161424
1
96594
166635
6255
162265
167594
165581
299898
173756
1974
92091
5718
163204
303447
298035
163274
167152
3575
300058
385089
297751
173041
91710
302448
163527
294508
5913
173490
294710
961
302828
161098
300966
162859
179808
97059
92804
165717
163791
92780
167170
299704
100080
301626
165548
91606
1049
2425
163339
295971
297258
298993
165608
4968
96203
297459
95156
95331
96941
303483
3786
301930
3750
94558
95268
2334
162284
302589
105017
300592
298829
5424
164509
1572
6479
298325
302989
161609
94221
15418
296795
167641
95185
161949
239
96707
744
297683
103519
163442
300826
161316
303346
299719
95862
298123
918
92292
166730
155105
4791
97166
2064
5823
166771
5352
300128
95366
663
298535
5733
3054
303559
164606
296895
4296
298146
102666
298586
6247
299336
167048
93506
166295
299546
96734
1799
298578
6165
3269
163695
93892
162352
6738
154593
303091
296649
96298
1176
92305
163955
93632
4322
298741
97748
94654
166463
3793
167224
92879
1370
298475
302773
384135
298262
3087
2900
165859
166121
93467
96458
6539
309401
164636
299800
303331
164849
300815
302388
297130
166175
95482
1876
301847
164866
3590
161936
1597
289846
4101
162569
163007
297718
93172
92561
166382
162177
165448
97650
300780
180192
3320
163833
298493
381781
287310
95711
2150
1835
313058
161217
94693
300119
164393
296725
95006
97145
167217
300552
175173
9435
165073
97408
95095
297301
5219
91256
162421
298843
163800
167118
91538
167493
163459
91740
162500
162555
165841
166236
297527
164410
301459
164168
87359
343
5342
96835
302007
2226
161175
165966
97607
91146
2832
5583
92221
301053
95614
