1396
91556
92615
93080
92938
4007
96024
163293
300769
303440
94592
166420
302350
4455
6128
710
164182
96803
162306
9588
2875
162689
3946
176480
7591
171067
165340
300270
307311
2664
167537
171655
353
164461
163680
163643
299066
5319
95390
96345
92385
97059
167488
156199
97722
4916
301082
285131
302633
91245
163800
161913
92909
93304
162013
94298
1261
300210
165776
165064
95123
300779
96185
97230
297299
285748
162001
91776
166705
163771
3670
93936
97767
300457
298364
94991
295955
300390
97466
301424
95470
301400
298048
302508
94929
96547
302125
165163
298803
298940
165417
4579
161016
14074
94427
92373
3535
161519
2853
91956
95984
162608
164900
298427
3589
166499
4744
750
165270
93763
95845
300202
296993
303250
6523
4559
302471
161430
5340
297491
91835
167146
301064
2359
298978
1326
95448
82894
153753
5613
161487
299864
164836
3987
4838
165921
6196
96450
92563
4570
167583
301538
167166
299460
162271
166077
299958
302442
163579
384289
1408
162288
86
96379
303107
519
3681
298118
302890
6120
6447
387160
303370
95314
97119
297960
163756
166384
301696
298967
1644
2035
188167
92890
6410
165982
382925
96884
300913
94792
3862
167018
302777
86032
162320
166310
94720
168141
5598
164305
985
299567
92045
94544
162940
3116
92591
299756
5801
163061
94402
94001
93007
164445
97538
93176
298586
920
384610
2190
293932
5790
164824
161329
161730
95186
5298
163482
6542
4085
299998
302198
165728
162602
5431
298508
291617
1720
167368
91708
3805
92305
303431
299723
825
298575
162853
164879
102887
95027
178
167602
300493
173505
162373
161931
2288
161982
95970
300319
299623
3319
297481
95577
170345
302814
93682
96041
4272
1525
95669
2585
298619
91125
4123
161147
166395
297912
3673
161926
164581
301837
94057
161623
296963
302467
303116
91572
297596
301574
163667
302334
297875
96744
299738
300626
299345
305039
300633
84361
303137
166099
303506
301000
297195
302157
92962
162850
4731
92344
164544
91782
301861
97007
4561
299142
91479
297920
1247
161239
299241
93514
299216
1941
91714
160990
93688
3792
94052
94162
5887
2603
2339
4046
3052
5774
688
299228
