298533
302799
303616
169867
3983
5169
297337
6352
92004
300498
5974
161871
499
297853
5924
298819
93551
167458
286013
161341
164184
853
96015
303467
302214
161133
301089
2723
302151
3198
321
178703
303557
296967
298740
97046
16584
93030
94178
1358
94190
3344
300562
167250
3791
297582
92297
299748
301730
165183
94639
92062
166991
388104
91920
100725
162169
94335
3264
3315
91493
166549
386452
301427
2823
299319
8858
307660
1296
166836
297522
301700
163422
96915
165702
163209
161189
92814
649
302007
162392
3510
390925
91297
4779
162993
96224
164723
165098
301624
9557
60
164137
3160
166263
302893
163061
302596
167310
105568
165092
301033
833
160944
3649
4445
5303
1841
93717
91571
92312
390186
302229
297096
94137
165032
389858
2716
97286
4474
92354
557
299460
175646
97536
165535
97384
91857
93226
165793
5387
301258
96555
299893
539
299586
97178
165575
20
162121
301306
307
290404
165276
95179
821
164810
167780
96688
164933
93833
166168
1017
165623
91228
4749
303031
300515
303289
5678
303570
6539
164682
5508
179575
164042
94641
5237
392098
94353
96415
96586
94865
296740
299387
165229
162532
170897
5112
5309
2656
97245
161596
167113
297821
6150
7072
166772
3500
96776
299017
162267
92515
162323
164530
97160
171598
164382
300180
5963
159135
94798
86552
167367
166037
381191
96185
299815
3
165224
1803
299874
298406
297329
93158
107968
2232
4299
92084
300382
296892
106941
165217
167683
96232
3995
166207
166101
97516
162590
166471
5813
150849
91897
4968
297810
92174
296771
163230
162881
287057
162262
298429
83716
300656
300200
293956
95636
4314
2321
4921
149787
1409
301932
303022
8
164258
329
92886
163439
150570
301567
2968
298240
172487
2247
96577
302322
94961
300996
534
164237
95798
93425
167764
1514
92575
91651
169382
300378
91280
2818
1577
164453
161602
299200
979
161841
300691
299946
106
97698
3468
298335
95611
101005
4306
152455
163521
303227
389967
623
94556
1653
296680
163716
97338
164742
996
6614
161526
515
87717
165453
297410
2482
164022
2103
298366
301158
166008
2159
96863
3872
94765
5701
163072
95183
