163872
165338
97265
6549
161732
97774
862
161757
92106
161650
163496
303147
95573
164810
162609
166089
104838
4190
4582
4050
303453
91311
93913
302751
165974
297353
94389
300702
94084
302472
299952
170420
301394
302466
96558
83687
302807
161034
301821
164142
296943
10650
91383
163748
5463
2965
163570
299083
162397
92843
2138
302143
297260
298785
167275
301907
411
166698
94983
161219
97740
1067
161871
164087
299137
92871
165318
96714
154364
173259
6610
300844
296821
161377
106088
165832
4087
297443
298483
95452
95881
302542
296990
92583
298246
1239
94687
3631
166168
100658
167366
314830
4210
297762
303434
295224
4958
165434
298149
301307
297888
93952
91587
92893
165937
164399
101213
300469
83598
300242
302537
165523
384125
299027
299246
302292
299845
163168
60
4100
161497
91613
165217
165925
160976
5057
590
167073
164876
298236
91
302000
91520
296809
166392
96406
297509
91154
179473
92349
313011
6266
91908
299550
300396
97363
92609
300574
300607
297181
2689
89076
2514
94832
96280
94681
1419
96590
5438
97152
299883
91097
298400
165456
2828
166991
92536
302523
4854
2270
5374
174768
303053
303244
300313
301451
94563
7125
596
159697
5738
159040
300984
162707
303424
165515
166335
299321
298132
166856
1048
163883
91623
2883
95852
299685
298641
301120
153316
2495
82656
166588
4133
93907
301653
96195
300382
164473
716
298803
96817
4433
303415
4530
162011
162629
162016
602
95199
288
91960
96353
96251
166972
91564
298027
93244
298962
162830
155948
299745
2251
300047
4325
162387
299311
300885
309199
163891
94423
166783
97667
163460
162420
96977
95300
157346
166370
297325
296669
93841
301849
161709
164590
302062
166187
3076
1867
296834
298514
164482
303461
161153
1385
93230
171454
162338
107059
1727
3347
92644
299832
108724
5447
167787
300639
708
286809
303514
299661
1430
3802
80104
162918
4688
6236
300687
97252
1178
298073
5835
4169
97348
95592
3467
93986
5028
92061
5318
6343
1594
296845
5204
5673
164742
91870
163344
161088
167557
162177
6574
167528
1969
5898
97271
302911
165069
310164
147699
2546
91695
298528
94864
297501
307882
292255
6259
301503
