300766
301949
6421
97212
166821
164701
333
164708
96018
299838
167124
83412
92589
1985
2546
162215
155274
95872
161436
96584
209
163328
91169
163143
7677
287943
162645
166118
299605
298241
3674
299611
3876
87348
95059
301284
298925
93058
94021
95532
166581
162242
1506
161364
172551
161893
164009
303509
167390
163906
166318
89040
296918
161903
299701
298298
5450
300210
299831
299707
1612
299231
91570
2961
92678
5974
300542
6001
297993
172733
6175
3548
1243
94853
166688
161512
298200
301147
728
972
310398
106555
92353
4703
96555
5759
94015
5766
301580
4072
297882
297986
2683
94558
3608
96614
95690
302700
165757
3259
162472
165001
94217
297932
5727
300574
298760
301036
6301
6390
5918
163762
297249
297619
96898
320703
1641
303220
2710
300363
301722
163088
313860
94443
96889
302407
96282
303235
165285
389435
95149
163672
297646
299075
94078
1152
3
6330
162338
92062
91386
162051
6091
6502
302748
300332
298072
97382
4035
2081
94661
167172
91665
96832
96438
163543
93223
96212
161406
301903
92632
300895
300771
3950
163258
296695
6456
302523
95138
300477
161611
162521
5468
162599
165571
93664
165226
302815
298142
161826
177122
5384
166503
315481
167703
1337
4969
164158
91780
8162
162810
3335
161755
92540
6327
389285
162763
5446
96323
162294
298983
161683
388937
299193
297323
167721
297613
94942
93721
162487
5509
95265
95302
297910
2638
298807
1497
94028
94280
5823
94897
303029
5032
302795
95496
3837
165213
149323
175560
171194
3821
6282
161529
97375
165873
91600
366
93301
166009
97405
297808
1183
91954
91970
1526
298773
91463
96307
5831
4765
166104
297437
4260
164529
95817
288541
169341
299096
302236
92824
165526
934
165012
93917
94952
301468
301544
1715
385017
306473
300073
5777
95617
388873
284624
164174
301362
12181
185
297054
163202
158931
162823
162567
96205
309652
1290
3975
167648
303169
164841
298171
167246
94129
302393
93312
301963
91289
2410
302721
95439
303081
4611
96155
304406
1902
303358
298529
163768
302244
2434
756
299261
96904
156699
167554
300345
94415
165484
166139
296649
167096
101895
165799
167254
300659
97713
3917
