95596
165350
300800
92029
93288
4107
167750
1063
1790
301622
164707
4295
162084
161004
165395
166573
94994
301756
4693
298316
167818
161889
776
5411
299803
94979
93112
96961
97406
166927
4769
164754
96500
162716
999
93744
93578
854
94092
94561
162333
95447
94022
162603
5075
297576
303133
285991
5249
297358
163328
304751
6598
6548
94952
300080
300534
165130
5477
1889
151121
301861
299426
5654
298751
1497
163752
298356
301603
162454
167231
2200
91831
389711
94161
4768
297960
165568
93486
166758
94783
97640
11736
94921
165251
2243
161981
92395
92544
163901
161519
1081
301814
68016
93602
94037
97390
298634
95432
167096
1216
166623
166194
303602
165890
165486
95142
92823
6652
4079
95315
94423
165434
96984
163915
166006
96657
91433
164804
164523
106586
2593
390548
301424
1764
298957
94618
86514
93316
4086
1356
162697
303554
4673
298267
299632
297242
104853
298916
299508
164421
302789
167079
298966
88
302490
302177
3424
161641
301134
173135
164456
2604
302149
163210
3605
297542
162814
4598
301587
94283
161203
97522
1215
93468
302081
161631
315980
3813
93044
95634
164451
161191
4162
205
96957
5787
302605
161502
91828
91643
96682
162258
297324
164926
300742
5154
166229
4940
296985
94277
96240
80819
299515
164942
95040
302503
162403
161713
93771
299335
300387
2705
93844
170820
299193
166048
91633
97067
293541
91942
300114
300755
300372
3102
97262
164934
298711
96652
166978
298137
165995
298834
2694
302573
5191
97605
298108
303181
92214
3330
297363
299623
368
92146
92035
166565
2057
301082
303291
162294
166498
96157
92975
2086
3454
299845
165609
3869
297172
161088
3441
300287
93338
2879
302466
167682
3665
95146
301452
300241
4854
303245
300524
2271
95008
92798
94368
297965
166428
300027
303198
301116
2162
6169
92533
297519
164588
4965
163295
4336
96235
299139
163831
91097
95925
300605
93464
163461
17026
158143
1823
249
301880
162826
5277
297755
95769
94917
303086
96882
2518
94598
162799
91123
94001
302412
2905
298204
6159
167842
297696
302836
6130
2181
161508
163892
92783
97749
302851
382173
163636
298085
4631
95612
92373
298660
94390
