16.547	22.184	4.6
17.279	20.866	4.6
20.281	20.647	7
17.718	22.038	4.6
18.524	21.965	3.4
17.572	21.891	7
16.62	23.722	1.8
10.982	21.818	4.6
9.7377	23.942	4.6
18.67	24.6	4.6
8.2002	19.549	3.4
14.277	25.113	7
10.836	19.183	4.6
9.6645	24.161	1.8
12.959	20.72	7
7.9805	22.843	1.8
20.134	21.965	4.6
14.423	21.818	3.4
19.768	20.574	7
15.302	22.258	1.8
9.2252	22.184	7
14.643	19.988	1.8
8.0537	21.672	3.4
16.181	19.549	7
9.0787	20.94	7
13.618	24.6	4.6
10.031	23.575	7
10.982	22.111	6.8
11.495	25.04	3.4
19.183	21.159	3.4
12.3	20.281	7
19.036	23.356	7
15.449	21.086	1.8
11.788	24.967	1.8
10.689	24.6	3.4
12.373	20.5	3.4
16.84	24.674	8.4
16.181	19.549	4.6
16.034	19.183	4.8
10.909	22.697	1.8
8.7859	20.793	4.6
13.398	22.77	4.4
17.718	19.768	3.2
19.475	23.942	3.4
13.179	23.283	4.6
8.8591	24.6	7
14.204	19.256	4.6
9.0787	24.674	1.8
17.425	21.525	1.8
10.689	24.893	7
19.549	22.624	7
12.3	23.209	7
9.3716	23.942	7.2
13.984	22.111	3.4
16.327	19.109	1.8
10.836	22.404	4.6
12.3	23.795	3.2
15.961	24.674	7
8.5662	22.331	7
17.499	23.722	4.8
12.593	21.086	7
11.275	21.599	1.8
19.549	21.233	7
18.816	20.647	4.4
20.281	21.818	1.8
19.695	19.329	3.4
15.815	21.599	4.6
12.154	23.649	8.4
10.25	21.013	4.6
13.252	24.088	7
13.691	22.111	4.6
9.4448	22.184	4.6
13.911	22.258	7
17.425	22.038	8.4
15.229	20.061	4.6
8.7859	25.04	4.6
10.763	19.841	3.4
12.227	20.574	1.8
12.227	21.379	3.4
19.475	22.843	4.6
19.622	20.134	7
11.202	21.233	7
19.475	23.868	7
10.104	19.841	4.6
8.0537	23.575	7
12.74	22.477	4.6
18.304	22.77	7
14.277	21.159	1.8
13.032	24.747	7
19.329	20.793	4.6
16.4	20.647	3.4
10.177	24.308	1.8
14.497	20.72	3.4
9.2984	24.82	4.6
15.888	21.306	1.8
8.2002	20.354	1.8
11.056	23.575	7
10.763	24.015	7
18.743	22.404	3.4
17.718	22.697	3.4
16.327	21.672	1.8
12.007	19.988	2
9.152	21.159	3.4
15.815	19.988	3.6
17.938	20.427	3.4
13.106	22.038	3.6
12.447	20.281	1.8
7.9805	21.013	4.6
18.89	21.233	3.4
14.936	21.306	4.6
8.4198	19.183	7
10.543	21.452	1.8
16.254	22.111	1.8
19.475	24.893	4.6
8.8591	19.475	4.6
8.8591	21.965	7
19.915	22.331	7
18.67	23.429	3.4
13.765	22.624	1.8
17.645	22.624	7.2
19.988	20.866	1.8
9.0055	20.134	7
20.134	24.967	7
8.2734	24.6	3.2
12.227	19.988	4.6
17.865	22.697	7
18.157	22.77	1.8
14.204	24.527	7
16.766	20.5	1.8
17.791	24.234	3.4
17.059	22.55	7
15.961	19.183	1.8
19.549	23.722	1.8
16.107	22.917	4.6
16.62	19.549	3.4
17.206	23.722	3.4
19.402	23.722	4.6
15.815	21.306	7
12.74	22.697	3.4
9.6645	22.697	3.4
20.208	19.988	7
17.352	20.281	1.8
10.47	24.82	4.6
11.715	20.5	4.6
18.963	24.381	7
9.8109	22.55	1.8
14.204	20.866	4.6
15.815	22.55	1.8
9.6645	24.747	3.4
9.5913	23.868	3.4
7.9805	20.354	3.4
10.982	22.038	3.2
8.4198	22.55	3.4
20.208	22.038	3.4
19.622	19.915	1.8
17.132	24.161	4.6
12.447	21.818	4.6
8.8591	19.841	3.4
11.129	22.917	4.8
13.325	23.868	4.6
8.5662	24.6	4.6
12.593	24.6	3.4
10.543	20.208	7
15.888	21.965	4.4
11.568	23.063	7
10.47	22.99	1.8
17.352	19.549	3.4
9.518	21.233	2
16.766	20.281	3.4
19.988	23.502	4.6
10.104	21.745	1.8
15.815	20.72	8.4
18.67	19.109	3.4
10.763	20.94	1.8
17.499	22.843	1.8
9.5913	19.402	4.6
16.254	24.893	4.4
20.281	24.161	3.4
8.493	19.695	7
20.061	24.015	7
19.988	19.841	4.6
10.616	22.843	3.4
9.518	23.502	3.4
17.206	24.088	1.8
18.157	24.015	1.8
11.348	24.6	1.8
8.9323	22.038	4.6
9.4448	23.136	3.4
20.208	24.381	7
16.034	23.722	7
15.082	20.354	3.4
15.449	24.381	7
13.106	25.113	7
19.036	20.5	1.8
11.202	19.402	4.6
16.547	21.086	4.6
11.275	23.575	4.6
13.179	23.502	3.4
19.256	24.893	1.8
12.154	21.745	1.8
9.5913	24.82	1.8
17.718	20.427	4.6
17.206	23.356	4.4
9.8841	24.088	7
17.059	22.843	3.4
9.7377	24.6	4.6
12.081	21.379	1.8
12.007	22.99	3.4
12.886	20.866	4.6
11.788	24.381	7
10.836	20.574	4.6
9.0787	22.55	4.6
19.109	20.134	7
11.641	20.281	7.2
11.788	20.866	3.4
18.084	20.866	1.8
18.084	20.647	1.8
8.7859	23.209	1.8
8.2734	24.82	3.4
14.863	22.331	1.8
7.9805	23.649	1.8
10.031	19.695	3.4
19.256	21.891	1.8
8.9323	19.109	3.4
19.256	19.695	4.6
16.034	22.917	7
13.472	22.624	7
16.693	24.454	7.2
8.1269	20.5	4.6
19.036	23.063	1.8
18.816	20.866	7
8.8591	22.111	3.4
16.986	22.331	4.6
17.425	20.208	7
18.816	19.549	4.6
16.474	22.55	3.4
14.35	22.258	1.8
11.056	22.697	3.4
17.572	19.549	4.6
18.89	20.281	3.4
16.181	22.111	7
14.863	21.818	3.4
17.206	20.94	3.4
15.522	21.159	7
15.375	19.402	1.8
19.988	20.647	4.6
15.888	20.574	6.8
10.104	19.402	7
9.8109	21.599	7
15.302	20.866	1.8
8.6395	23.868	4.6
11.641	19.402	3.4
9.0055	22.917	3.4
15.082	20.94	1.8
10.47	20.281	3.4
12.373	19.475	1.8
16.84	23.063	4.6
17.938	22.624	4.6
10.397	23.356	4.6
13.472	24.82	3.4
18.524	21.086	3.6
14.79	24.381	7
17.352	22.99	6.6
14.131	19.475	1.8
14.35	22.038	4.6
16.766	20.574	7
13.032	19.109	4.6
16.474	20.354	3.4
12.081	21.379	4.6
11.348	23.575	1.8
14.643	21.306	3.4
9.3716	22.99	1.8
17.499	23.429	1.8
8.5662	22.477	4.8
9.4448	21.452	4.6
17.279	25.04	7
9.8109	22.184	7
10.763	21.891	1.8
9.2252	23.283	3.4
20.134	24.308	4.6
18.377	23.795	7
8.2002	19.549	1.8
9.5913	25.113	7
13.398	19.915	1.8
17.791	23.868	7
14.497	21.818	1.8
15.082	24.6	7
17.206	23.575	7
11.422	20.866	1.8
13.838	19.109	3.4
8.1269	22.331	1.8
10.397	22.55	7
16.327	23.283	3.4
13.838	23.429	7
18.816	22.55	1.8
9.8841	23.356	4.6
10.689	20.354	1.8
16.986	22.331	2
19.988	22.477	3.4
18.89	22.258	6.8
16.62	24.527	3.4
18.304	24.234	3.4
12.959	24.893	1.8
9.8109	19.036	3.4
11.788	22.038	7
12.081	24.161	8.4
17.791	24.6	4.6
9.2984	21.672	1.8
17.938	23.356	4.6
8.6395	23.722	3.4
9.6645	20.72	3.4
13.398	22.404	1.8
8.493	21.233	7.2
19.549	23.136	3.4
19.622	22.697	3.4
9.8841	22.111	4.6
19.695	19.475	3.4
17.791	20.061	7
14.936	19.329	1.8
9.152	24.381	4.6
12.3	19.915	3.4
13.252	24.161	1.8
8.4198	25.04	1.8
15.229	19.695	7.2
18.304	21.306	7
12.886	22.477	7
9.2984	19.549	8.4
8.5662	22.404	1.8
