91794
95716
1890
158
80713
97032
382035
109021
302009
1595
165856
299529
166016
92241
95771
93311
163247
165345
297367
3522
161458
3260
164026
91180
84410
303348
299103
310968
97232
316159
5143
95883
162614
299762
90053
297019
300848
150995
166269
301382
163298
3435
1368
297991
302912
298994
97798
92725
5864
294749
170003
162400
82665
4294
95127
167483
2679
2360
298517
298013
301085
309564
5215
96457
96749
288252
93679
162076
164784
96795
162421
95655
161468
6150
162384
6284
164013
162693
1877
91608
390576
91245
95259
161009
97373
94743
93093
97583
301600
3727
95667
2844
298779
1487
303192
162791
301998
94622
167053
91523
94256
1936
1654
80697
5397
95959
2620
161441
839
166386
163788
152997
106852
165526
94177
297351
163739
6559
298526
303059
300869
165066
3875
177
292553
93816
179033
96247
302295
161761
95079
167580
94929
164354
1239
96936
302824
96744
94553
94754
165446
301787
94710
302156
161143
166559
94128
150705
386403
300002
93820
3988
91858
97480
161974
164389
303268
6522
302920
302254
102835
297315
309442
5984
164796
268
4168
91597
93285
163668
2991
3582
300328
302814
4736
165720
3960
165107
164215
300727
96220
96511
161646
166256
92888
2473
308969
96165
1822
164751
4990
89071
165205
91044
161163
4591
174295
165688
163397
296734
160956
429
2819
6011
298654
6045
2014
2160
93673
299190
92149
300669
5389
163468
164421
93473
167423
93229
91373
161455
303520
5797
167305
6429
173884
307523
297068
297276
301245
2137
5720
302951
299183
91642
299846
166733
4569
298023
95121
1925
299498
301712
93666
1834
98811
1130
3563
96012
166814
96317
715
4636
3380
303480
297227
298898
578
165273
95093
296866
92
107813
97363
161309
4870
3184
92470
297668
298235
910
298568
94792
301487
161003
162554
166819
166772
95882
162975
293392
3985
93061
91182
94480
5963
300059
499
4543
5491
95517
79954
4423
165611
94099
5424
287337
299129
93587
6433
165433
4121
3662
165212
312159
161990
163754
165931
3170
163083
94453
97342
300536
6278
81744
300350
1451
164034
300230
162888
149486
166006
96957
165807
299656
6320
295
3737
91812
