6108
97668
166734
167741
3510
164154
4238
301601
4540
94162
4667
2951
158692
165817
165055
93074
303132
163141
96658
93922
164550
311
298679
180143
302857
162761
97545
165744
911
299248
86735
163200
162164
164234
96554
313972
94585
95515
104635
818
4843
97227
1304
167305
1008
3033
96164
95136
167039
92044
97361
97309
297063
162904
301187
154974
1889
163109
1936
161386
96625
388448
297974
297334
2732
96050
89671
90114
91726
386813
5082
3610
301445
298764
2560
160963
165930
92834
82586
97620
96917
164021
91946
87348
301629
94028
88557
92263
94669
300494
95500
254
2084
6609
308313
163433
303101
302753
166576
93666
95931
3646
2344
5821
298278
293040
3955
93308
164903
94417
94577
297879
91373
167226
94946
296963
97039
303331
301279
162893
166622
299514
301810
303506
6374
2410
298013
94239
165291
95530
4727
302783
303598
92000
94145
302005
3323
663
302401
297983
95039
166026
2361
162132
5287
2971
91365
1528
297265
296996
92178
167733
165440
5707
749
2299
2023
297545
289469
96683
301894
303552
95962
730
299695
1646
299778
162375
3687
6002
306001
3952
93890
296917
166554
4043
167585
300486
92892
86379
297475
110020
302184
288512
5086
298951
127
2965
2888
1202
96909
6287
95055
298935
299895
296812
96592
161979
165256
166647
171663
93392
162602
164461
164436
299
94054
5372
298454
310876
93657
1426
300990
297496
299030
160951
92649
164150
390040
426
91141
5787
97572
298374
5387
91827
2210
164302
4344
92603
980
297292
94833
96520
93186
298468
300797
162418
164075
95985
164681
161402
2754
300291
167229
300087
302626
1367
297652
163260
6095
163914
299010
5381
303257
94150
93546
602
163717
164640
297259
99544
167431
302669
303366
298207
1878
166811
92943
299365
2289
5089
299434
6381
164920
165532
4954
164899
92333
95132
303450
164143
91446
91226
301941
300682
298751
165092
96106
4785
300905
302322
165497
3400
299268
161298
300634
162979
1419
5342
150641
15900
161277
163459
94393
303304
95754
162216
297942
1563
292721
96784
92367
302923
300213
163676
3677
161392
163631
300508
314334
163294
3089
1887
2833
83635
99668
3980
