88890
172714
3967
702
383279
161370
164376
94201
298712
167540
624
164065
557
5247
301059
286028
92473
299961
166943
163335
298223
181556
166846
299671
5387
2514
93870
164555
301283
94072
3385
91765
166159
166644
302981
5429
2039
107482
5732
86125
166953
4763
298743
94999
6044
1781
5806
302567
297690
290887
299813
93561
97029
165019
15393
300310
166959
96832
302910
299664
51
307285
389102
163510
161446
162452
162398
93274
303571
161711
91346
94308
298355
297515
4636
289
162413
150768
95157
167167
298335
1837
93032
166922
6428
94655
93103
161675
6065
6409
92064
298128
156354
165554
166037
162033
5706
302970
302130
3749
300609
300104
303604
95597
298312
303138
302534
166552
95547
297337
2961
152723
91233
3741
96742
161454
915
160925
296697
302026
94704
92356
93747
85937
166214
299508
931
390966
299688
787
1586
303188
302853
95878
2832
2927
150046
163986
4753
93875
164385
297073
301732
97300
95474
9541
6389
166041
166025
5779
160241
165488
166477
96843
92361
97059
3941
300056
163877
6055
2829
93300
303149
92738
301767
386547
161029
307163
302475
94046
298905
161875
301035
1064
298363
97606
803
297635
5536
97637
97359
91322
2046
91716
3926
91729
164841
166062
389673
298539
161650
95862
3929
296923
96358
94881
166222
2053
162230
91964
299954
3965
303523
166565
163633
92550
80100
162962
102143
166937
301338
166035
96955
94632
94314
162996
162864
2580
303624
92383
301694
97586
303081
95591
4245
302221
6037
161349
91881
299074
161240
161303
294910
2525
297050
166666
167462
2244
3867
3412
303165
162585
96418
5076
165184
2452
3674
298861
222
162989
95055
161662
289369
164478
297937
383710
162072
302402
299920
300796
300901
166058
92270
161733
1047
544
167259
5318
617
93515
1735
4985
109603
93789
95587
3009
97475
4769
92681
300233
11062
154182
162575
298039
300684
166465
96759
97107
303507
6510
164012
302227
95500
297720
1392
6282
5625
91657
170042
299315
299942
1072
94877
288309
162655
3209
93756
83948
171474
5278
160969
97037
303415
164797
298811
298707
302344
161897
95569
3316
92823
167597
4403
300488
174591
95487
1764
161209
