2628
79328
91767
297470
94183
164333
166020
4985
163191
165669
6489
2481
298604
9772
3161
301995
94835
163781
5242
164032
95876
94989
92331
94925
165485
167346
91947
165032
95860
167637
100401
161874
6024
299925
97260
4665
297768
95766
6417
161562
1282
299579
300017
165145
8490
303572
300411
2857
166901
300869
94082
298280
159022
162589
302011
298756
2640
161546
1846
93396
300571
95131
921
162801
161525
239
165173
91508
172405
3113
1288
104378
94476
297676
4475
291751
295
301943
97136
295606
97484
106998
166526
298065
301310
301606
297637
95556
302890
162049
161688
165942
167267
301721
96810
2946
1823
161365
5072
93820
1779
93756
164985
301010
165968
5601
302318
166088
162747
2249
165233
3465
300827
2736
91312
83868
297073
94253
167769
3916
2135
96379
92050
295259
300607
301758
1520
3869
161392
164210
94351
92684
6308
300204
96355
164361
5323
4311
162091
93670
93409
167736
167657
161620
302597
92245
4119
5282
163946
97305
162016
299764
88257
156210
300810
162956
171190
94545
92309
300289
356
4683
96936
299057
94776
92522
300362
1106
97643
1126
5951
296778
155631
101038
2574
299116
302600
392534
4228
381656
5704
5592
298134
3375
163533
93371
300655
299809
3734
103355
164223
94505
297025
91950
3201
161076
91872
301388
300996
91655
174029
162502
95366
307468
163315
297152
301587
299242
2791
162740
161298
303494
90913
292307
4532
164850
299380
97629
94379
101739
304516
96554
161584
305403
104428
303616
5220
167449
5473
164820
297165
2388
163648
564
96145
303265
91564
4184
161759
92200
163936
4072
299710
5962
298147
307449
302494
165682
95551
161169
1677
101420
299501
162788
166960
163255
4764
167781
163483
167356
162442
296811
300369
96872
165701
95155
301140
4897
4644
735
95443
96629
92951
299521
164226
299010
174077
3490
93221
298430
94794
94651
297486
299871
96087
164715
303093
299810
92414
904
1979
180105
2870
163715
299223
94033
162947
91470
296800
5527
95713
385966
97436
94742
302377
550
178044
81
96950
164510
97046
6542
166589
91840
164554
3673
15909
163282
3330
3641
303382
481
298058
93500
96860
96580
6214
300091
