91944
166904
301019
93907
303099
92205
162658
161786
95930
97081
536
298953
91970
5056
300031
297082
297111
312485
95427
162553
17332
298396
1220
161534
2245
6020
123
301073
5287
1041
297102
3996
13855
3104
298089
1052
3755
166926
299688
96915
5611
91173
302021
167560
167220
162273
164025
4598
94775
4607
166622
6510
85564
4971
10845
5968
773
94211
301403
296813
161076
14809
97217
603
96555
298534
302117
96117
2120
165232
6331
161710
167129
164113
3527
5381
93832
96761
163557
166113
166365
166590
95709
173981
4926
2864
167162
300570
9180
96242
164800
166759
161165
298668
92258
162178
16286
801
96745
161405
94120
95620
163167
96640
164558
163276
91382
1682
162189
166370
284090
95797
167324
96461
2574
92617
95589
92758
300327
234
162421
295300
302844
165577
6527
167463
297964
6308
301814
95394
161145
165012
166572
4050
97519
1900
3779
2441
301462
392
93737
303183
2878
91742
314153
303318
94791
302696
91361
93614
301097
287976
94784
644
297664
298493
166381
299165
2801
297550
93711
5375
179930
466
301123
5247
3401
97266
299865
95633
165655
163624
6344
382177
298357
165155
2277
165803
299343
165821
4766
301568
2308
300292
296984
161914
2600
297011
100894
5628
97680
3572
303051
4738
5368
95457
6077
82163
162735
97560
97603
166162
1973
94214
15467
92723
95526
2460
96516
6424
300173
97598
165914
178424
163109
163975
6005
163579
151849
4475
3922
388198
452
300567
298440
92766
5985
303211
301063
300040
299065
2928
95921
161473
162287
5681
161862
302574
96368
161307
298587
94930
302455
241
303652
355
156342
166955
298208
303337
105012
93209
289678
94235
1654
1582
5263
659
91757
388343
162903
84863
164985
298710
165812
165383
299259
300096
96928
1878
91355
303631
166303
164811
2106
301087
97671
165957
95437
162763
297950
163395
301517
299382
93862
297193
301604
299857
161758
3679
163603
303046
97238
301261
164503
163119
301946
301736
164239
5186
94514
165117
297246
164154
95075
2270
96890
91471
300498
97046
299597
297435
308984
162059
94923
5863
297273
1968
96211
161505
93427
91617
306026
97150
12951
97170
299043
93443
