3339
298627
300622
91904
40
304343
179961
91530
301890
166702
4376
298438
2185
299157
167598
96710
301461
162899
161703
302976
6000
3930
1750
297716
95548
93164
5879
161147
95267
164998
96724
299208
96310
163701
300793
92300
3590
91947
96195
1332
298370
166526
92490
296812
2802
299842
163652
297770
4562
94813
164597
86071
298604
166545
12087
3354
172121
161490
301935
297198
94178
301042
302063
4344
303006
165637
93200
3647
2732
4838
163233
300416
165805
299267
166073
93629
297491
95356
297804
95969
315303
5885
298047
97071
5748
165996
162752
296987
90923
5629
760
302992
298847
93986
162500
4682
94996
290426
97291
301795
162514
162503
163369
90128
96675
1868
299534
91615
5103
161011
92050
3195
3104
301309
5482
93689
6379
165718
301052
162600
300291
300769
166824
2673
94514
6192
161728
164320
154342
299384
161756
1565
2057
299848
1443
93056
6349
294191
164317
161364
163541
3836
176462
169380
347
300549
301512
91627
5409
167260
91452
301097
161966
376
299856
165797
94831
983
297563
299086
166638
298955
302580
300556
388545
4778
165427
299995
299178
167221
296976
157604
94407
2089
95838
1550
162964
296994
161514
1676
163965
164915
96731
161204
161430
2352
206
6544
298067
97043
92239
6151
303425
165302
164656
2748
303565
96989
300074
3697
165109
5202
166648
299200
93638
914
299341
78924
5755
164459
162975
303523
97501
90815
300782
297128
4327
5560
297417
302697
95495
301147
101805
96362
4366
163961
2278
91875
164745
303466
383288
164055
3442
94209
298823
167725
317
96959
94404
163345
5429
302564
1248
316078
162566
299320
92759
299824
101330
298273
164265
301236
5814
5208
91611
92210
93363
89688
1973
93941
301400
580
167276
91685
95791
315119
302591
87702
166129
92023
300687
297108
95520
289164
5892
161927
296930
298633
167767
3023
161689
162835
97077
92849
94948
300993
300664
162199
301508
161458
92457
2826
97665
297907
95387
302286
302315
287928
93047
91128
94164
166860
6532
6084
299550
301279
297939
163133
165296
93321
302046
165872
96254
165248
297840
163178
2471
166244
155745
94347
699
301672
299564
167143
85816
300379
5821
88694
