163836
109035
5080
903
166777
91430
79744
94517
290507
3754
91393
301309
298769
94850
303324
163216
91585
2822
96027
300186
2802
1907
12267
298473
95998
3595
162219
93027
163500
166929
301695
86365
166232
161927
165620
91610
92170
95330
301325
166561
297686
5741
285401
299494
163082
4046
149898
164904
166394
96915
160948
302503
133
299786
6216
94585
167437
167411
166391
4814
2981
1294
5155
297100
163822
2986
6112
1077
3011
91757
95447
4308
301489
298652
300471
5501
303304
8382
162425
18
206
300965
163400
297179
4898
93361
161690
166638
167
303186
165642
95759
96273
284
91810
297037
3774
298755
301901
95073
166060
165529
298259
93532
163437
166172
162660
164201
162010
378783
6477
296704
6349
302692
164493
2318
301359
165465
96343
300367
299884
164608
94694
300581
5324
300508
1951
94860
297357
5142
165923
162882
164828
302707
150357
5206
302023
4203
162770
164326
96722
6512
299740
6067
4083
161246
94368
4807
90027
3572
96398
165906
95144
93224
776
300824
162023
86561
176290
93233
161333
97232
165109
4367
94770
162626
161585
302326
97545
93713
93981
299634
96929
95251
162130
92057
94875
2053
164108
3436
92379
93587
165130
297339
161229
96823
297738
302983
298630
93036
95691
299301
301736
96413
1517
91093
299885
97276
92661
3838
161126
164245
93811
94156
91439
92355
302400
303661
298092
2133
6117
300867
314344
152030
91814
93050
107532
158
167231
300645
105251
4837
303433
287651
161436
424
299647
5700
298005
1499
302916
300662
157666
307719
96742
161604
1121
1446
167159
164551
5884
95115
167042
497
3729
300625
301255
296938
163802
297678
167330
174420
308161
167308
93123
299512
472
164949
167823
302765
298946
187
163186
164782
300310
92258
5448
163638
297509
303044
167634
163371
94549
97635
306985
6570
94568
160969
100092
166557
95819
300665
6081
165815
5215
383451
93496
166659
163133
94533
92406
297435
301758
2509
298788
12182
3197
97446
164671
297346
95299
157965
298569
160955
296927
301417
96428
94148
2098
297602
5773
91988
169086
96758
389207
6480
166851
298019
165242
93522
167813
297534
94673
299115
298361
309865
97723
174436
