161112
167782
16838
303314
298669
163943
755
167503
298446
2509
165115
91290
297827
301447
299740
161110
96467
162523
3967
93509
303428
162674
289242
97549
93717
92067
92405
93018
164745
161082
92944
3773
299868
93667
97491
677
3630
93593
6178
789
5334
162808
2178
165488
4180
94037
95073
299477
96386
303258
95
5931
96117
96572
163025
4921
303220
297992
3614
95284
298905
162180
1303
94908
3918
1085
3254
93803
300235
100458
291301
97556
5291
162029
4435
172068
95779
96924
92838
163946
299457
288532
296908
301500
95630
302674
5276
3264
300214
5890
299268
87067
1021
286588
96073
298883
97134
167313
164973
303640
302727
302306
298282
5655
93922
97069
94758
302208
3062
299395
297897
300734
160857
164927
2335
4546
1347
96220
91700
165929
311454
97478
290336
93840
166694
298537
302712
299100
6398
158445
297923
161419
92059
1027
297350
4086
91172
5775
164258
1936
104444
96255
162824
301836
166229
297702
2114
94486
97328
3368
16576
166051
91991
303509
296840
93669
164399
166046
302271
300367
97163
94623
165719
297164
313946
162834
299980
302176
6122
161423
82788
177273
3679
297714
96417
93445
302491
162021
298565
4868
164010
295304
164984
3182
301699
85784
303079
299805
163606
161228
299121
622
91624
93472
162664
301071
163611
302998
165806
163320
91973
167479
167291
166581
303028
178285
289220
91452
171722
4565
300521
95602
303130
298028
95131
161056
287371
508
172553
300407
428
164362
298224
3156
4226
5393
152120
95425
92325
303050
302138
165214
95203
165652
94222
164617
293231
307928
91201
4737
85102
5566
92576
6188
5881
167688
161447
162262
3477
300637
162249
2677
4189
299050
166772
105111
166039
154126
165747
164759
300272
301942
301845
165202
296747
92675
92206
166269
108220
301015
297094
97117
2393
300753
302407
92993
302679
297119
2153
161711
4746
95931
386057
91268
165095
298072
92217
167216
92036
98715
167546
8710
95456
167757
802
4659
149682
297492
301042
165398
298268
95569
298724
1843
300187
2038
297978
108686
4074
161597
299576
91899
94852
302467
166631
298451
498
103746
381235
103793
165879
301468
297554
298794
94177
95332
178194
6575
