359
97451
298837
96831
88699
163103
91833
17426
163778
313886
161645
165188
95404
166759
166377
163087
97009
2603
6426
303264
4633
302793
5246
7457
4152
298133
92225
308514
96173
1184
1495
97612
300993
164174
300772
91596
162298
13070
5576
167198
163652
2421
164065
96984
94980
164736
96346
84163
164578
97040
1457
302148
1945
91402
167508
163002
298575
97291
92174
92645
301319
175883
2748
165568
93743
161465
299564
208
4127
96087
97240
2012
308895
390599
297391
2088
300780
92972
163694
15896
388825
842
3043
166299
302637
162211
297812
93769
299231
164250
163902
5370
303601
163930
161047
297331
93177
92888
4267
165216
95923
300283
93336
167593
177828
5354
161701
16732
5100
163773
4592
177518
165066
298590
164342
89
1827
95415
305708
1811
161621
299910
94783
162913
301123
297627
166991
298954
170409
95721
92311
1198
92849
166052
1870
164777
93775
95686
166035
97317
1570
5024
296926
161346
164308
3221
313598
91268
97089
163897
299137
297172
91105
300509
161921
1421
6136
92439
161097
297000
24147
298562
161758
5330
3197
1808
166486
95644
161207
162826
162574
97721
3433
297577
1431
92457
303609
297571
302824
97146
3695
94133
4099
298776
163533
165736
165989
298313
94062
299481
516
163952
300281
300874
1603
92815
166817
6245
299529
16808
291955
3016
3384
163421
157277
100942
164553
163022
4965
301534
303650
164629
287668
85362
2736
96319
296676
94506
299588
167389
298505
93416
89573
1334
1888
161805
296823
96102
2133
1920
305867
5335
303624
302402
165
167100
93947
298473
1120
4838
166558
95972
94219
91449
167260
163147
303294
288590
163586
288235
161543
99534
300314
91186
93582
2324
94857
91645
170111
163488
94968
628
298608
165741
301708
2891
2115
6001
92669
302632
93562
162188
167711
167240
166605
166775
165524
95321
162197
5976
300162
94268
6306
302336
162868
160941
2202
380946
299300
308076
301525
4603
300130
301797
4499
1625
178099
162162
388434
2760
167843
97539
297562
92327
5122
303042
1281
97223
302854
300461
93109
94631
162281
303432
297521
164412
162671
299684
164378
6285
302279
167406
301239
91578
91872
167300
166826
571
