93154
94514
1573
164317
304461
106796
301537
91181
161173
303554
92362
302816
93577
97352
95047
96798
4803
163518
3640
161673
2036
301658
163927
297261
300643
162157
302299
92707
297709
167427
93088
95035
1627
299285
155707
4038
303563
167404
86263
299133
298891
5419
94639
299691
167436
164021
167357
95258
162136
163772
163180
91784
164767
16044
97205
93509
298732
96180
161146
301877
300054
300802
95819
4644
302911
5414
164749
3400
1097
164697
2085
96984
299792
162679
95666
92533
164024
5744
164281
92797
300158
297222
971
5779
164326
96330
164070
166109
162940
301071
5941
4389
381126
301614
95044
306387
299259
3393
96012
301188
91798
4425
91241
167639
96534
4156
161531
150998
1198
162294
91
161991
1694
93829
300035
175067
3906
97357
301591
95481
2833
161763
11627
163337
300931
166724
163189
164195
2375
164903
166957
163979
95378
298709
8661
3935
299733
166834
300099
165825
301554
297295
6219
93628
162541
158533
869
5889
301419
96164
6260
91976
6590
84290
165405
302624
95900
94719
298439
297449
166695
298587
299411
166074
5383
91587
166299
4670
97338
6026
162728
6427
297106
2113
96494
301161
91288
5940
97312
448
1123
165430
93994
300466
296642
301753
161185
92913
95869
155303
302543
298301
95215
302918
164800
300717
180341
93412
5476
177224
296955
165970
166336
303107
388
91439
299727
302969
163746
164099
91681
91656
3174
161383
4311
92039
177288
4493
4461
92779
96820
93424
92546
3526
299456
2459
300806
167688
161644
163330
6250
289317
92172
422
93340
300281
296084
2728
165302
3194
165143
93940
92103
298110
297921
164842
161561
296744
298492
3106
299992
163302
298986
73461
91902
2857
97079
165891
91273
96607
170325
157952
164304
166509
97766
91744
92206
167110
298548
302339
300641
163436
298011
167272
1544
162476
165273
167207
163598
163621
298917
301866
4663
315099
297994
301624
166716
215
165914
96109
95356
150
94014
96335
165656
296729
94062
165962
301888
91850
298579
299441
299608
301036
94614
5059
4995
301693
303639
300426
391113
164576
162273
1554
162253
92558
166772
293983
1975
165821
3291
163895
95519
233
93293
1988
165357
92986
