1455
299685
164483
166657
303175
162254
302062
96943
307417
165586
5576
161079
299569
164015
9096
298915
302493
91883
301573
297883
303415
162622
166767
298962
96872
91393
159837
5986
300356
105018
5666
165077
385252
161457
948
300097
931
167467
167694
4164
163834
298197
91696
153717
92742
96697
94257
94140
296822
96648
302593
302284
151105
5626
161885
6302
301905
3907
2812
297113
93462
165671
300107
300334
4908
261
4554
97567
161837
2110
97192
162540
95222
166195
167532
297525
91890
162040
163426
96036
670
298105
3203
3699
161101
2874
95610
2067
5325
97765
1436
94525
297087
301098
300043
5151
96590
173782
162355
167454
93159
96855
161565
166223
1815
300295
97116
299066
167058
299989
286289
11959
162592
96973
166420
3327
164956
5385
208
297876
162086
167841
166034
163481
4364
160992
92957
301008
297137
3628
91663
3095
297373
164590
93603
303299
3976
2193
92633
161384
288456
3293
94817
297641
166085
90937
300509
102959
300669
6167
97240
298078
166785
1182
297262
298936
91413
164072
165379
300564
165709
2797
162764
164699
91817
297572
96444
297285
301981
303618
345
165775
297919
163735
167625
95062
94266
4991
163037
163002
163120
298363
297798
96223
161330
93332
4937
300681
164425
166142
93757
300372
97474
95563
152416
166686
298531
97544
94444
296863
164115
93858
93094
302381
165246
94581
161595
303508
167368
2927
97270
166779
289915
299734
297836
2434
844
1622
91360
615
303794
298960
95232
1937
93673
162091
161268
1639
303017
285633
84639
161133
298112
296951
16
164764
301431
5218
308356
162471
10688
308451
96911
164399
172266
303626
93867
164713
165096
94930
299610
93468
298689
166581
300678
301281
167293
162917
166002
165421
163860
387604
93047
298394
97731
302599
92579
302902
1411
96417
161614
3985
1007
303196
163311
101092
301423
86616
93770
290334
96151
299828
5688
164027
1026
161764
303472
161891
94023
97399
508
4732
167144
303069
92412
2012
95574
95870
94951
291157
165276
165889
2710
6401
5502
92600
91208
141
96465
4438
94971
161485
164937
391709
1155
93418
301205
299299
164391
3476
175221
91757
301886
166854
96300
92174
302962
297346
