95859
312124
286623
96460
97147
161826
300951
166307
917
93070
91152
312387
156274
243
163153
166827
94659
308952
3530
303212
298441
166296
92879
91987
91350
97519
303558
5987
162446
92362
165934
162314
94937
93560
163773
164968
95494
298352
6171
165380
161271
300848
301588
300377
2597
5332
3515
94133
5023
297973
92976
296867
301898
161894
167405
92483
297036
162869
161561
17402
92871
3270
303336
93927
298549
298139
163640
1646
296845
297561
91163
2694
164046
167752
167169
96091
95883
164548
166699
166680
167275
161798
1219
166673
95806
96263
91631
297637
6313
302404
149465
301918
95544
162366
3222
4415
97433
92467
300966
386601
294975
92594
94104
163706
297716
93733
2954
164634
94526
93414
299616
1057
5209
82872
96285
302487
14048
300116
301924
4561
96717
29
1285
301164
91378
6088
96503
93654
300071
165736
161933
1848
165870
301800
300936
167708
94239
162615
94349
299820
300892
299436
5807
302515
300146
167135
2089
161003
151723
167533
92389
300526
303098
296876
165292
167687
302230
97565
6080
303068
5013
300520
1135
91953
92335
162466
1162
299772
165619
109557
162621
298840
6238
166799
5454
2588
94489
97012
299767
302871
96695
297504
4681
299559
166019
162421
164724
6282
163569
302172
303570
96775
108548
296694
162963
163240
298230
296945
3662
297527
299187
2148
96644
96661
92651
213
94122
302742
162084
2715
302317
308037
297551
298064
2441
155663
298654
94594
165917
301120
95041
91665
161234
170051
95762
834
298753
303082
304
94136
1864
91980
93100
92542
300126
3336
164123
301998
391746
301112
91469
97720
297983
3654
1017
2865
303034
302562
95168
162144
297841
2280
3152
3804
163172
93432
4505
303544
3066
300618
167071
299718
297273
158609
4774
97471
5390
163986
94546
297259
300825
301136
300367
167246
165503
1959
166102
298529
293380
95150
303509
163073
163849
93306
5831
95695
2
167259
4686
5037
91698
149518
297380
1327
4920
299898
701
94763
1600
300760
175482
569
387791
3922
162725
163076
423
298133
87829
1519
94158
102040
100093
4723
297800
161365
101415
95677
302480
161970
5796
177493
96958
95163
161071
1918
303552
3910
