8.493	24.454	7
19.988	22.843	1.8
12.081	21.233	3.6
16.693	20.94	1.8
12.007	20.793	3.4
10.689	24.234	4.6
16.327	19.841	8.4
9.7377	24.454	1.8
18.304	22.55	7
16.107	24.747	7
7.9805	20.5	4.6
9.4448	20.793	7
9.0055	22.184	4.6
18.45	23.722	4.6
11.422	22.697	3.4
9.2984	24.381	4.6
19.475	24.82	7
10.689	20.72	4.6
12.52	21.818	3.4
8.5662	21.965	3.4
13.252	25.113	1.8
16.107	23.722	4.6
17.791	19.109	1.8
18.084	24.967	7
17.499	20.208	1.8
9.5913	24.893	1.8
8.6395	23.649	4.6
10.689	21.599	7
8.5662	20.427	4.6
12.593	19.402	3.6
14.057	21.745	7
17.718	21.745	7
9.6645	21.159	6.8
9.152	19.183	1.8
7.9073	20.5	7
10.616	21.599	1.8
15.888	24.308	7
17.059	24.015	4.6
19.109	21.306	7
11.568	21.086	1.8
17.645	24.454	4.6
19.036	21.525	3.4
10.689	19.549	3.4
17.572	20.427	4.6
8.1269	22.55	1.8
17.718	25.04	3.4
17.059	22.917	7
15.668	20.574	3.4
8.9323	23.649	1.8
15.888	23.868	7
9.518	23.722	4.6
9.8841	24.088	1.8
9.0787	20.427	3.2
18.45	21.818	4.6
17.206	23.649	1.8
9.8109	19.475	7
17.791	22.917	1.8
12.886	21.525	4.6
12.52	21.379	3.4
9.2984	24.6	4.6
13.765	19.695	1.8
18.157	24.967	4.6
19.915	19.841	3.4
11.788	24.381	7
18.084	21.013	3.2
11.275	23.063	1.8
14.277	19.475	3.4
10.909	24.381	1.8
8.493	20.427	1.8
16.913	20.866	7
8.9323	19.036	3.4
17.865	21.818	4.6
18.816	19.622	4.6
19.475	22.917	1.8
12.813	23.063	1.8
9.0787	22.331	7.2
8.2002	19.109	1.8
10.763	22.55	7
18.304	23.868	2
12.52	24.6	7
19.841	20.134	1.8
12.886	24.234	3.2
16.986	22.697	3.4
16.4	19.109	4.6
19.915	24.747	3.4
18.084	24.893	1.8
19.695	21.525	7
16.4	24.893	1.8
8.0537	23.136	3.4
12.007	19.622	1.8
18.67	19.402	7
13.691	19.256	4.6
18.597	20.94	2
15.449	20.793	1.8
16.913	21.965	7
9.6645	20.208	4.6
16.474	19.841	7
8.3466	21.159	7
8.8591	24.381	3.6
17.132	23.868	3.4
10.763	21.086	1.8
17.425	19.183	7
16.254	20.574	1.8
16.254	20.061	4.6
19.256	24.015	4.6
15.741	19.402	4.6
9.9573	23.356	7
10.47	20.793	1.8
9.4448	21.745	3.4
12.959	19.329	2
15.375	21.379	7
14.497	21.159	1.8
16.986	23.502	4.6
16.327	21.306	4.6
17.206	21.818	1.8
14.497	19.475	7.2
20.208	22.77	1.8
14.497	22.038	1.8
11.641	22.77	4.6
9.0055	19.622	1.8
10.982	21.672	7
8.1269	19.329	4.6
11.715	19.109	8.4
8.2734	24.674	4.6
12.373	24.454	4.6
15.082	24.381	7
17.791	24.015	7
14.79	19.549	3.4
20.061	19.402	1.8
9.7377	22.917	7
16.693	19.915	5
18.011	23.868	4.6
8.6395	20.94	3.4
17.645	24.308	1.8
18.816	24.454	7
16.254	23.429	3.4
17.572	20.793	3.4
17.499	22.477	4.6
8.7127	23.868	7
12.813	20.281	7
8.3466	21.818	4.6
11.129	23.575	4.6
17.206	21.013	4.8
19.036	21.159	3.4
8.0537	21.159	3.4
19.988	22.331	7
17.645	22.477	3.4
20.208	19.329	3.4
16.254	25.113	3.2
16.986	23.649	1.8
9.0787	24.82	7
8.3466	22.843	4.6
11.422	19.988	1.8
18.377	22.404	3.4
8.2002	19.841	1.8
13.765	22.111	1.8
17.352	21.306	3.4
16.327	24.527	4.6
10.25	19.915	1.8
10.763	22.477	8.4
8.0537	20.281	3.4
12.227	22.843	4.6
8.9323	21.159	4.6
11.275	22.477	4.6
9.4448	22.624	7
17.425	21.086	7
20.281	19.988	1.8
8.3466	24.893	3.4
8.0537	25.04	1.8
14.35	19.915	7
10.25	21.891	3.2
16.547	22.184	1.8
18.524	24.381	1.8
13.765	21.745	3.4
9.152	23.209	4.6
10.689	19.622	4.6
18.45	19.622	1.8
18.011	22.917	7
13.765	22.917	4.6
19.988	22.038	1.8
16.254	22.038	3.4
8.6395	23.795	3.4
11.641	19.768	7
12.593	24.967	4.6
20.281	20.94	1.8
10.397	23.942	3.4
19.695	20.281	7
15.741	19.036	7
8.0537	20.72	3.4
10.982	24.82	4.4
13.252	25.113	7
9.518	21.818	1.8
9.8109	19.622	4.6
13.106	24.674	7
8.2002	19.841	7
11.861	23.502	7
18.084	19.622	7
10.763	25.113	3.4
10.982	21.965	4.6
13.691	23.283	3.4
15.302	19.695	1.8
18.816	21.013	7
11.422	25.113	3.4
10.836	20.281	3.4
16.84	20.061	1.8
12.154	21.891	1.8
9.4448	21.745	7
8.9323	20.134	7
16.107	20.5	7
17.791	21.599	8.4
18.157	21.013	1.8
19.841	22.258	3.4
7.9073	21.525	7
12.593	22.184	2
12.373	20.647	7
19.988	20.866	3.4
12.959	23.209	4.6
8.3466	24.381	4.6
11.568	24.308	3.4
14.57	20.061	7
17.132	23.502	7
10.397	21.965	1.8
15.961	19.915	3.2
16.474	22.917	1.8
12.227	24.893	1.8
13.252	24.088	1.8
8.9323	24.747	1.8
10.763	24.161	7
13.106	22.331	7
19.915	24.674	7
11.495	22.111	7
15.009	20.208	1.8
16.327	23.283	7
9.6645	24.088	7
9.7377	25.113	3.4
10.689	24.967	7
13.179	19.109	3.4
16.474	20.5	3.4
9.2252	23.942	3.2
13.691	23.868	7
19.329	19.036	7
9.152	22.038	1.8
17.791	23.136	4.6
18.963	20.647	1.8
12.593	19.695	4.6
13.106	24.088	7
19.841	23.356	7.2
18.89	21.233	4.6
16.107	21.233	3.4
18.816	19.329	3.6
8.7127	21.891	1.8
9.5913	20.94	4.8
8.1269	21.159	4.6
18.084	24.527	3.4
9.7377	22.624	1.8
18.524	20.5	3.4
13.179	20.647	7
10.543	24.82	3.4
12.959	22.55	3.4
12.447	20.281	1.8
9.152	23.063	3.4
18.524	19.036	3.4
19.183	24.893	3.4
19.183	24.454	1.8
12.3	22.111	4.6
15.595	20.5	7
15.888	21.233	1.8
14.497	21.379	3.4
17.059	20.427	7
9.7377	22.038	7
19.549	24.893	1.8
13.179	23.575	1.8
7.9805	20.793	4.6
19.475	19.768	1.8
18.45	23.283	4.6
10.397	25.04	1.8
13.325	23.502	4.6
8.9323	22.77	7.2
10.763	22.624	4.6
16.62	25.113	7
12.74	21.013	7
18.816	25.04	4.6
18.963	22.038	1.8
12.373	21.525	4.6
9.8109	19.329	1.8
12.813	22.258	4.6
10.543	21.525	3.4
20.208	21.306	4.6
13.252	19.988	1.8
16.913	23.283	3.4
18.89	24.893	1.8
16.84	19.768	3.4
8.3466	22.111	7
18.743	19.915	3.4
8.2002	22.917	1.8
14.277	24.527	7
16.4	23.356	4.6
15.082	19.402	7.2
11.202	23.502	3.4
20.281	24.088	3.4
16.181	22.477	4.6
17.499	19.988	3.6
16.254	21.965	7
19.915	19.475	7
13.545	22.55	3.4
9.2984	24.161	1.8
14.131	25.04	4.6
13.106	24.82	1.8
16.62	19.475	4.6
9.4448	19.329	7
13.398	23.063	7
12.593	20.134	3.4
19.256	22.331	3.6
17.938	23.502	4.6
19.036	20.134	1.8
8.6395	24.82	4.8
13.691	22.111	4.6
15.229	19.768	3.4
18.157	22.331	4.6
8.7127	22.917	3.4
10.25	23.283	3.2
16.4	23.722	1.8
19.768	22.99	3.4
8.1269	22.258	1.8
19.183	20.574	7
13.252	22.843	3.4
9.8109	22.55	3.4
14.497	25.04	7.2
