176694
1345
163858
108222
161958
96615
382334
2872
3637
163312
3128
300297
97774
166185
301211
298346
298082
6096
2418
97272
297233
79879
89512
1220
95507
96168
95183
93353
164973
288029
91595
165027
81450
165678
93995
301886
92239
96635
4332
312324
271
9663
166294
300317
288943
96139
283
6300
163769
94020
4732
94865
152097
163506
2883
161653
162310
96783
4863
297831
82559
163083
3940
3021
163942
91579
302939
1936
288849
302196
166588
4269
94053
163937
298694
96952
4535
1506
173813
314361
3672
4893
94133
296979
167120
96162
4132
167704
91787
3561
162699
94329
301309
91979
301106
165793
299454
162736
165785
303208
161778
162713
2396
91390
162868
97608
92687
4094
94938
91299
161123
164188
161425
166174
92434
96552
165775
95519
160943
166380
165855
92157
6126
161751
165339
297874
1834
6019
179656
298324
298791
96776
93779
94721
5153
297348
301590
93466
303257
159865
302213
106871
1392
164860
166784
163819
299808
165933
296855
302751
4311
97136
95040
303188
167210
298754
97062
297417
3211
93681
163200
301602
166845
2439
163409
165433
92188
167194
300962
2243
92139
94466
162402
166723
6468
298993
4793
97494
96244
2021
298942
314917
289994
94544
296799
103401
301493
3105
166840
166341
1848
4852
163632
299725
162319
3320
299531
165239
164006
163033
165780
5505
1542
4287
5903
93406
163790
92632
298952
161136
95422
297552
301313
164166
149854
300218
162965
297046
96679
301235
303394
5837
95176
301115
298396
300093
94400
4920
299518
392127
161889
300456
300045
97346
385391
109084
97125
3770
91114
165840
6551
300324
1
12
164696
847
755
161034
1040
3490
105073
155086
97181
5340
300663
95210
95741
5382
302001
312796
91643
96536
94087
302480
2257
96760
1011
83159
315319
303430
385000
2066
164297
168624
91129
300460
5147
299795
92772
1356
95652
142405
161047
2993
297994
166655
94192
303581
94846
300292
3885
162268
161799
166079
94689
93259
2290
302723
562
302387
95689
93563
164398
1267
174908
769
303150
91144
169236
302229
386054
95939
300713
292
92763
2690
300748
162933
167465
97412
95318
302060
301894
259
162014
300051
167806
5124
