95742
164401
1857
94977
258
383849
162090
95160
96186
6586
298745
298441
92983
163266
4043
3610
161883
97739
95581
96259
161664
5671
2147
300947
6559
2909
4417
2403
166788
2261
163216
100800
95757
2876
296847
301671
298029
4266
93924
93607
103040
314287
6112
296729
298546
302186
1356
162449
301244
96402
96665
93209
5463
166245
162597
297748
161295
93379
297943
298553
5946
299079
301544
164974
2696
2690
303131
303075
294740
97307
4155
91762
163665
297688
302215
5134
165496
159983
162401
300934
162506
91291
4485
102760
162973
964
1887
163174
162963
162825
89679
384691
303638
91347
160954
6008
299572
97125
4558
166556
1135
297415
370
302537
2581
300321
166362
301824
4989
161179
299311
2188
296658
161484
545
300246
299216
3970
167123
290667
154034
96807
391960
95240
97651
297129
170088
4329
162457
1701
90284
390086
95590
1308
4650
93484
3305
161036
3482
298064
302037
1835
301787
302317
167216
92287
161267
96345
93797
6117
94854
302367
5631
164705
166286
297488
15714
166082
302622
388189
386056
300156
94360
166431
2062
169892
932
94456
95701
161654
299400
96414
291853
163422
299904
681
298137
2915
297522
298887
93113
167435
95614
161853
1225
92602
3547
164646
161358
4318
95336
299282
109003
93982
1004
97130
91430
301022
4818
3418
96445
2272
300169
93697
92375
301318
95117
302891
2955
165713
161251
91538
165295
297121
297827
298275
92450
165135
302821
4517
163841
164116
303238
3368
303319
94038
299299
301880
4376
94857
167696
94596
97152
479
91525
300607
296804
165625
297895
95880
299681
293533
5174
6082
160829
300070
92470
178264
105216
165383
299649
299784
301147
6326
297021
302023
161689
152893
300331
299993
93570
297468
162320
287094
94382
298087
163503
96942
95961
166708
6017
675
94609
96592
97786
302154
95321
5785
297161
96181
164855
166099
5923
165741
297756
164058
166503
163291
164017
6598
165874
164187
295158
299029
93107
96109
3654
92847
91095
165610
167585
166770
1803
3124
296982
302979
303513
163456
6432
5079
6602
91419
973
161201
5707
155500
95216
165633
302000
165989
163240
302122
166953
163049
167071
298794
162633
161450
