92002
162169
167077
1875
4041
3577
296733
3425
95729
94836
94920
163867
166626
91931
299808
1364
303377
301206
104984
91611
152306
3738
95802
76408
83585
166248
96342
2524
167015
166033
315427
2693
300215
162388
3487
108845
151480
93587
101500
2005
3306
162193
297171
5783
301849
91452
156473
287714
162458
504
91727
96610
5234
96015
298752
306049
96166
2546
92349
1202
162959
302979
160949
1373
165441
297899
91953
92795
91524
178607
94257
1065
1595
303100
162470
92875
92359
303319
3295
165882
165158
95233
164680
4104
96558
88090
5747
97437
2210
163450
161012
299173
95741
298116
297570
917
167137
94009
308016
167771
298033
92433
4849
295209
162005
298696
300904
109001
3827
6556
296831
2089
296826
2360
6355
5462
296702
4660
296740
302606
164188
1125
402
163190
6462
161005
161258
167264
94745
96922
162644
123
5571
97269
393217
4570
92378
163284
304940
166651
165987
96851
302452
96550
96491
92723
93320
6032
167382
161662
163657
302228
93270
137
166337
303130
166041
162621
162973
289027
11319
95994
91916
665
300204
163514
166547
299873
162178
161390
5733
4792
2
298803
94138
163996
165603
92978
94889
92367
4089
303298
672
94981
6455
162161
297270
86331
302891
298689
96114
87328
95221
299601
299397
1178
163569
95057
93832
94777
311843
165759
165096
156200
165660
297753
173505
297258
97272
96872
471
94655
300501
299734
2458
302287
3528
301568
298994
2273
2598
97646
162115
1546
164530
2752
5201
301319
163689
96589
1935
302004
166598
299294
155534
97243
16392
385642
163975
4678
164940
299827
2853
545
300285
5377
5039
167729
95398
300909
166009
5845
93192
300057
95670
302650
95157
96792
95115
161406
94195
92755
164663
164724
301605
160942
91541
300809
94033
92966
2356
301192
161539
388388
167504
179794
96937
383960
4576
162397
301771
297128
95566
92421
94369
1008
165686
162697
301779
94485
96352
1085
162654
6400
161766
161700
3822
4854
92113
298707
164847
166657
3909
161060
301437
2904
166708
297336
3146
97004
149237
91471
1104
300580
301918
655
97754
101706
161129
97778
301535
2739
161670
302854
96248
163211
103508
302270
