165741
166063
303615
166346
96734
301949
4438
163031
162208
166864
91290
300412
162915
1186
299729
74
167710
94872
303222
3812
297543
3598
91202
301117
297450
164510
298122
287184
93492
97080
299303
302837
3840
2365
93088
93951
389707
165380
175603
1915
161511
154386
88195
97242
164249
297348
164769
804
4824
298505
303109
299326
305094
94733
4114
162947
83427
300965
297093
177294
299524
2090
303103
159268
6595
97316
165257
385192
162508
299896
164529
161928
300193
390343
165113
161546
93103
2573
93860
167281
303133
298753
303078
162443
296784
164041
302455
3475
299796
167200
95510
1433
94883
161862
3948
204
298711
298556
96829
96264
4142
10447
91996
105394
96379
103457
2708
160977
96892
165024
296963
1664
4088
167288
161553
297333
303326
96800
3324
313508
6308
297398
303523
79259
163698
302158
5246
300371
4516
96322
301639
3966
6052
165350
95716
95999
167249
300865
94151
92389
303539
4776
162652
163447
302805
1256
164781
3940
92411
92354
91137
81942
91505
97714
6066
166008
163885
91781
171292
164328
161393
94097
298337
156063
298943
1622
96039
8061
95808
167598
1385
388531
96781
1818
4866
162029
156400
97795
297018
303439
167560
93021
92298
4723
5251
2141
161616
92236
303586
301019
95045
300717
299839
5732
163135
165735
163198
94322
5888
2545
1151
166335
157471
298033
95932
162217
2496
93725
164090
299050
162926
161711
302855
307628
93622
5185
5182
606
91406
3655
82
92584
5868
91815
167162
301008
299974
312441
161055
5756
302704
91799
165916
301859
166897
95608
3512
93273
166228
96889
301146
94988
95979
300743
3820
167571
291806
298145
297944
3805
161443
93536
91898
3729
92862
2657
165870
166499
162575
94510
108304
300567
280803
3408
164843
301447
164157
95585
163614
2127
94927
984
4874
168435
161924
301805
297952
1831
92066
167726
302511
197
297810
3202
302113
3565
300639
301755
2152
94665
163
298267
95462
300149
5605
162326
1759
14784
97525
295140
95754
96630
2989
92459
299033
385115
166420
922
166503
91681
92376
3208
304105
97275
97307
162315
97318
302084
3660
161768
93893
3154
395
311089
302445
299700
381894
452
