97669
302654
6590
161251
6426
95374
303268
300798
93280
93597
163938
297784
162921
298884
3528
93989
162298
97284
164021
166995
300982
95539
298087
297176
163648
168932
820
164837
4658
299350
1419
163252
161144
166325
164726
93809
1311
302106
91572
303437
1001
2112
167716
302224
97375
8783
301290
164220
6182
294554
160968
164920
163090
1761
300150
299723
3345
94194
4470
299550
301044
14290
299196
91973
95695
164083
162477
302865
4781
165375
302509
5277
96723
91520
5309
875
166809
2131
163261
162583
156398
96623
94382
96037
301482
179960
298721
3944
1780
167191
164512
3843
301598
300477
164978
4092
12404
161041
94664
79011
94118
508
299573
94626
103611
300914
7313
93929
3387
95641
5363
1564
97723
301896
1019
161588
286702
302893
299896
164543
2731
92256
3200
94409
297431
303294
96205
165120
300609
298045
7193
164906
163343
166750
93743
162796
92107
1877
159829
148924
94434
149554
299909
165637
303099
94417
4215
94952
302153
105540
302336
162403
298514
1803
3060
163627
165410
167281
390567
165246
3235
93479
92536
100446
92950
165614
302068
96616
165274
298707
297643
6298
165112
1956
4309
303576
301280
166577
3751
6471
166025
161572
102768
2415
324894
94651
5040
94216
91790
149
162598
96238
297773
164747
161783
95917
178662
2351
161229
2406
297200
162388
96349
298243
162046
314528
94986
4394
93544
91226
303247
106045
92239
91900
91917
92855
9154
167291
6025
700
4248
299772
93204
5052
15732
96334
2794
3176
299581
164897
167162
91149
3938
6349
712
301761
164029
301798
106899
166157
298890
163613
162594
96886
92398
90289
161863
302843
13628
298403
92849
2832
161330
94819
303237
165830
296750
305799
95820
5691
300361
5996
161900
302341
105568
165670
91260
163526
93085
96799
298930
97652
96476
198
92447
163782
2940
93230
4677
165363
4715
164461
297157
388269
1552
164574
96411
97159
163463
164923
93232
300244
94812
303498
302876
106786
166807
296843
95795
3113
168018
297761
300002
296776
297170
310336
3712
158574
214
163119
162759
1179
826
3457
166082
85859
300356
97678
300434
5338
4616
299585
161610
300167
298506
92166
162770
91184
