5968
301121
165583
302392
10128
166865
298010
11127
6349
301881
302321
1328
93492
300227
91516
92855
93867
845
298635
95862
163965
161813
93431
301036
167663
3946
96536
299148
165895
299497
2046
5405
96330
161171
82018
86578
298549
92151
3180
303404
298707
91959
290252
164791
93281
2638
165662
515
302875
5014
300717
166168
301229
91562
93164
303108
159061
296688
302658
310914
96572
208
309681
3776
166009
94377
2422
97681
1456
104294
153311
163014
4587
1180
96015
161164
299374
164392
95373
91145
3705
161455
162070
1811
298949
91232
96734
1984
163437
96101
93470
175865
299656
93737
297723
94768
95166
179382
296825
162656
145
155286
299918
2807
3998
95714
163541
301059
97513
163054
92504
164417
290022
297211
164057
97395
165936
166187
162226
2166
167359
81967
167107
165726
292858
161320
89576
927
164953
167651
303497
298889
165939
5421
93869
91363
1959
93709
5415
165267
5049
5159
92161
302304
15374
302216
91765
3985
298906
298659
298543
94449
4832
1890
2258
307777
298276
167165
165574
92741
163399
163853
166915
726
91837
96942
300378
297355
163518
110259
164476
167211
5084
15702
95084
95999
162678
102783
299473
166534
173029
91615
300941
91526
296855
299124
1791
95358
94765
96207
166683
167454
303491
314769
163941
6390
310031
164214
152443
300590
297627
389921
2962
93525
1264
172170
390030
300283
664
94910
167768
370
301715
163158
161075
299798
163383
91916
3455
166814
297748
164169
157907
169906
94072
297159
161587
94602
92710
162888
91446
5610
5729
298327
298558
17293
4492
1168
6454
6251
93853
297055
179
3397
165178
298166
164425
91129
161788
94429
93087
6136
297340
303045
163740
167638
302682
95231
5777
298375
96957
303169
301848
302585
302936
305691
595
163583
5719
165141
297865
94711
303543
982
297442
300901
300600
164895
164695
161421
3035
167677
1449
97729
95316
302083
296673
94990
94660
303069
163700
303306
102141
3659
94142
95016
96587
301486
150450
92403
3702
91657
162296
161183
298211
2497
161087
163184
298173
5785
305534
167363
162010
161017
166936
94175
165210
97171
167508
1719
2609
96260
3186
11220
314174
3988
296879
166786
