2003
54
302779
286085
162865
301808
5720
299595
96123
303182
95775
166931
303369
163165
6500
164045
299568
302329
1044
1855
303252
1055
167273
297185
1655
93418
4628
96867
1451
163953
166157
296506
94282
303628
91437
95313
299107
229
97243
161972
1240
170325
161270
4870
83220
99118
95124
97484
160998
3328
2229
167407
300731
164607
96716
165279
300235
161005
93616
166214
167474
4892
97070
89664
1468
3042
3514
290955
166662
298262
96384
303593
167542
297726
167508
94930
94015
3027
92025
104171
299703
167289
96011
3701
166744
297033
94079
164560
94850
162215
302249
155048
300926
3776
4245
96971
303508
163361
2709
162023
5427
162635
5039
297451
162448
5004
5108
162471
94900
2513
163455
297756
301170
293106
302228
6491
163396
1581
165646
91132
301481
96366
163382
163537
97393
95408
298516
94159
301123
1522
95242
166830
302880
164468
298984
96449
164619
165217
80495
5910
91296
177170
2347
299499
3897
295388
281378
2262
880
161227
165870
4692
4763
292719
92992
298446
3390
382339
300095
3940
91643
5841
91519
165493
93511
97298
167212
162423
93841
166530
166122
165410
299532
89345
92374
2162
162834
97769
167283
698
297749
300308
94423
96741
299204
167643
161894
446
3190
164731
298766
164785
162537
165675
94443
164888
301686
288580
161599
302080
92892
97571
4545
97745
451
296814
300861
164307
298155
303247
2195
163791
303014
298161
93402
381107
166241
96186
167286
95700
5305
5729
95012
94391
685
6365
6412
298763
5371
4470
161248
165933
297241
92129
92741
301373
163645
96994
163885
163051
10656
288182
492
1567
301911
91242
4901
301423
93246
95896
94700
299099
4207
97460
105627
6254
393246
299684
299032
6143
160935
92517
161404
93181
1789
93000
166163
95765
5779
297695
302008
167091
300455
161093
991
386578
91823
388067
302659
161985
85934
174879
4023
166921
301029
297329
164369
3634
5541
93394
297877
162896
297145
299880
93935
153172
161773
299490
91447
163242
161802
300605
96510
297255
164977
81026
4057
97167
302680
166234
672
302050
110120
164314
97447
1223
2937
12976
165027
299156
302256
4899
389674
309509
5340
308235
92778
2686
