91710
300506
301485
315959
303577
300942
92883
5577
162180
300050
84857
165641
96961
81520
669
303402
91378
315527
163010
96597
169172
166570
302743
390780
297670
301917
163503
162073
164913
165220
303023
166630
5585
163478
5156
4566
303274
381759
3960
89876
97337
302100
94444
298509
161554
163941
162782
94057
1263
2384
90606
86205
32
300917
163459
298206
97401
284201
302548
299259
5417
162252
97594
3153
300422
1758
389
91114
93309
165124
96396
94876
164626
107808
95845
162492
162981
92131
165461
93617
96701
97798
164364
299793
6354
167168
301687
167302
162223
3419
96069
1278
94089
296721
3429
94888
94631
298498
300396
161718
85369
91886
2058
3784
93505
167432
94045
162507
91556
302013
163920
163080
299404
94745
170681
13747
389160
166936
5856
303205
161822
167581
297394
96989
161872
5281
299356
2416
95781
161997
301760
1053
91140
302341
2888
165945
92611
93842
302511
166026
3797
167095
165481
165184
302445
297936
301301
163105
298003
95488
92825
162030
297399
390300
289823
386470
94249
300770
102485
2258
93561
302404
909
162769
91924
3442
165354
164955
299532
163934
303210
296999
88754
5362
166944
164785
93849
94684
4854
296869
503
299982
92242
165457
167779
300030
164543
290914
163608
93135
301193
161265
92619
1269
5374
166180
164389
92816
167656
94389
79342
3268
95532
97177
2425
161353
96153
2516
94377
2166
92033
1982
166191
163121
167020
167347
6422
97055
299840
164647
94603
322
296854
95112
2997
161248
161448
94856
3284
298278
6151
92483
296794
4674
301539
1040
298480
161221
167328
5507
160980
302767
166708
298488
300186
299143
96224
84085
314691
167741
297798
4888
96644
96864
2589
101242
165788
299666
2027
153035
4257
298640
91659
300935
107350
296985
303072
95545
1172
1591
161771
6181
314953
4651
298452
5619
91453
297590
4073
298040
303435
95243
93669
6129
163384
95614
92153
165305
167734
297327
92279
164193
3365
423
93479
315150
97280
3531
105138
2863
163506
94487
4638
92366
11154
85716
151765
164335
165911
15168
296681
4552
303339
297241
3751
94290
2011
162891
13666
164747
3986
95857
300167
93192
3809
97042
97714
301520
