162843
96687
301640
298586
96344
376
298080
298596
3560
3526
300548
97318
158300
315299
387128
938
2850
302708
167484
165616
5582
5116
161609
299350
6179
290539
6513
302114
300875
167256
106590
162733
92802
95422
162878
165549
161341
4204
1227
159545
162192
163378
5186
95282
163948
96409
386737
296997
303331
101784
91493
164290
109165
303548
161298
88716
2798
96551
164569
4145
2131
5760
95610
4916
169852
163846
161979
155597
22
93378
93980
91766
303499
3034
302125
88359
95247
300685
297596
302048
97796
297382
94425
2358
162404
92143
94824
1985
2409
95860
164053
297256
298951
162432
164214
299482
522
166132
1639
164757
96137
300074
302770
440
167084
300708
301781
6186
164954
301236
296887
5678
300063
302000
94046
93391
294626
163191
289237
92848
312320
163511
919
6359
166603
5746
91803
5846
5324
83570
96398
96652
3639
302785
93145
164207
1714
93731
92157
97384
93583
93994
165499
92308
2531
162637
299803
299600
94898
1097
1703
296673
93610
299868
161073
389436
300722
83868
167387
164474
94438
162539
165911
164624
93926
92702
167078
91974
393008
92817
297876
94639
2156
93305
175997
301676
298328
97568
167282
301791
163608
298907
166070
383332
299382
161693
302711
163767
91415
96859
96304
289811
300130
384179
94201
297477
95471
3043
4120
3909
6312
853
297033
92201
165728
167706
161622
305861
314040
303492
94443
93915
161938
164154
165287
162724
3464
160905
302410
4935
165893
1476
751
299880
298381
92712
87944
301357
301500
727
857
97680
3799
166387
300448
167415
163459
165055
5773
3737
3511
133
298537
298098
96881
165511
4517
298076
95709
164439
167560
302805
6126
298722
300298
389666
300651
744
302496
107560
97704
299254
27144
3273
164832
301790
671
2863
166702
92344
299662
95038
159469
165698
297028
94583
303136
2180
91317
162354
166678
297948
95677
303126
105356
1414
303315
302996
1758
162428
6035
164105
298891
164889
300980
166769
6030
167138
299637
3727
4307
96450
85863
4835
301928
302226
161455
311
167067
165045
300317
164668
103103
93909
86167
161644
298068
92061
163034
2780
93490
167597
302427
128
300541
166487
163012
297414
