15.668	22.404	1.8
11.129	23.868	1.8
16.62	25.04	1.8
17.645	20.647	3.4
20.134	19.402	3.4
12.227	24.527	4.6
17.279	24.527	3.4
8.2734	21.086	4.6
8.2734	24.674	3.4
11.129	23.575	3.4
10.104	24.893	7
10.909	21.818	7
12.3	21.159	4.6
18.524	25.04	3.4
15.156	19.915	3.4
15.741	21.965	4.6
9.5913	22.624	1.8
9.518	23.063	1.8
11.495	20.647	1.8
11.715	22.404	7.2
9.152	22.184	1.8
13.398	19.549	1.8
13.911	19.475	3.4
13.911	20.281	3.2
8.6395	20.427	3.4
17.572	21.086	1.8
19.622	22.99	7
10.689	22.99	4.6
16.254	23.942	1.8
20.281	20.647	4.6
12.593	25.04	8.4
14.35	19.695	6.8
8.5662	20.94	7
8.2002	19.036	4.6
20.134	22.258	7
19.841	20.94	1.8
14.497	20.94	3.4
13.691	20.208	6.8
18.231	21.086	7
15.961	22.184	3.4
12.227	23.868	4.8
16.547	21.672	3.4
17.572	24.454	1.8
17.938	22.331	3.4
15.741	20.866	3.4
15.082	21.745	4.6
13.838	22.111	3.4
8.3466	22.038	1.8
16.62	20.5	3.4
17.425	24.527	4.6
20.208	20.647	1.8
16.327	25.113	3.4
17.645	24.161	3.4
20.134	21.086	3.4
9.8109	22.404	4.6
15.522	19.695	7
19.841	23.063	4.6
19.988	24.82	4.6
11.348	23.429	4.6
13.691	22.77	4.6
16.474	23.868	4.6
17.791	20.793	4.6
12.447	23.356	7
9.6645	19.256	4.6
11.788	24.6	3.4
15.156	19.329	3.4
19.915	20.208	3.4
12.593	24.893	7
12.3	21.891	3.4
8.493	20.427	1.8
12.373	20.427	3.4
9.9573	24.381	3.4
19.109	20.134	7
11.568	22.258	4.6
19.183	24.234	7
18.89	22.99	4.6
13.325	22.77	7
15.522	20.5	7
15.302	20.354	3.4
17.791	21.233	7
18.45	24.967	4.6
16.4	21.159	7
12.52	21.306	3.4
15.741	21.306	7
17.791	19.475	4.6
12.666	23.429	3.4
10.543	21.891	1.8
18.377	24.015	7
8.0537	21.745	3.4
12.74	23.429	1.8
11.348	24.674	1.8
12.52	19.768	3.4
12.52	20.281	7
10.616	19.256	7
11.348	22.624	4.6
9.4448	19.988	4.6
16.254	21.672	7
13.472	24.967	7
16.547	19.475	3.4
13.545	22.184	8.4
13.472	24.088	4.6
19.475	20.061	3.4
18.231	19.988	3.4
15.009	19.036	1.8
19.036	24.674	1.8
8.2002	20.72	3.4
12.666	20.793	7
19.256	22.697	7
16.4	19.988	1.8
10.543	22.99	1.8
18.524	24.234	1.8
9.6645	19.329	8.4
19.109	21.159	7
16.034	22.331	7
18.597	22.038	4.6
12.154	19.695	1.8
9.0787	20.574	1.8
18.963	24.893	4.6
8.8591	20.866	3.4
19.329	24.967	7
14.057	21.379	7
12.959	23.429	4.6
9.2252	20.281	7
9.0787	21.599	3.4
9.518	22.404	3.4
19.549	22.404	4.6
11.861	22.111	6.8
18.89	20.647	7
17.132	23.356	4.8
12.373	19.475	7
19.915	21.379	1.8
17.645	23.429	1.8
18.231	22.843	1.8
10.397	24.308	3.4
12.959	20.574	7
16.474	21.891	1.8
19.915	19.183	6.8
8.5662	22.99	1.8
11.422	24.015	4.8
12.007	22.331	4.4
17.499	24.893	3.4
11.422	22.77	3.6
18.743	21.891	3.4
10.323	23.942	1.8
10.104	24.015	4.6
17.352	25.113	1.8
10.031	23.136	7
8.7127	23.575	4.6
18.45	23.502	3.4
10.689	20.574	3.4
14.131	24.893	7
20.134	21.891	4.6
9.8109	21.379	1.8
20.061	19.549	7
14.423	19.841	1.8
14.497	21.891	1.8
15.229	21.159	7
18.67	22.843	3.2
11.934	23.722	4.4
18.304	19.988	7
13.618	21.818	4.6
16.84	23.868	6.6
8.7127	22.038	3.4
16.986	23.575	3.4
19.109	21.452	3.4
16.327	22.477	4.6
9.152	22.917	4.6
9.152	21.379	7
16.84	20.134	1.8
10.47	19.768	1.8
15.815	24.234	7
10.982	21.452	4.6
18.524	20.793	1.8
16.254	20.061	4.6
10.47	23.136	7
12.959	23.209	1.8
19.695	24.088	7
16.034	21.086	4.6
13.545	21.159	7
16.913	20.134	4.6
19.622	21.379	4.6
16.913	21.306	3.4
15.156	19.622	1.8
19.695	22.917	8.4
11.934	24.527	7
19.109	19.841	4.6
12.666	24.234	1.8
14.497	20.647	4.6
19.841	23.063	3.4
19.622	22.038	7
16.254	24.674	4.6
16.693	20.866	1.8
17.499	19.988	3.4
19.841	21.599	7
9.152	22.77	1.8
16.107	20.208	3.2
8.493	22.624	3.4
11.715	23.136	7
8.3466	24.893	7
11.861	19.256	1.8
20.281	22.77	1.8
19.841	22.184	1.8
20.281	24.454	7
9.2984	20.574	3.4
13.179	20.72	7
17.352	19.768	7.2
17.938	24.747	4.6
10.616	20.354	7
13.398	24.82	3.4
19.256	23.209	3.4
19.475	21.891	4.6
11.568	19.768	3.6
12.007	19.695	3.6
10.543	22.55	7
9.6645	19.183	3.4
17.132	20.5	1.8
9.6645	22.111	1.8
17.059	22.697	7
12.154	19.549	4.6
12.227	23.795	7
13.838	22.77	7
10.47	19.183	4.6
11.422	20.061	1.8
13.252	21.965	3.4
18.67	25.04	6.8
19.256	23.868	3.4
19.475	22.258	3.4
19.915	20.354	4.6
10.763	21.452	3.4
16.181	23.502	7
13.691	23.136	4.6
12.154	19.915	4.6
18.231	23.136	7
18.963	23.136	7
16.181	19.475	7
11.861	19.988	4.6
14.277	24.527	7
10.397	24.381	4.6
9.2252	23.795	1.8
8.7859	19.256	1.8
18.743	22.55	1.8
11.861	19.915	7
17.059	20.94	4.8
8.7127	24.015	3.4
17.425	22.331	4.4
12.74	21.672	1.8
10.689	22.258	4.6
17.425	20.061	1.8
19.841	20.281	7
8.493	20.427	4.6
19.622	21.525	3.4
11.934	19.768	4.6
12.373	23.502	4.8
12.373	21.965	1.8
8.7127	22.184	7
19.183	23.722	1.8
17.645	22.99	3.6
10.177	19.402	3.4
12.447	24.308	7
16.4	22.917	3.4
16.474	24.893	7
18.45	24.015	3.4
16.327	23.502	3.4
13.984	21.306	1.8
9.9573	19.475	2
17.279	23.575	7
15.961	21.525	1.8
12.74	20.5	1.8
13.032	25.113	4.6
20.134	22.624	4.4
12.154	19.988	3.4
13.032	19.768	4.4
16.327	23.209	1.8
10.689	19.988	3.4
8.7127	22.99	7
18.231	23.575	4.6
9.2984	24.527	4.6
10.836	22.55	3.4
17.206	23.868	4.6
17.938	24.454	3.2
17.938	24.161	4.6
8.5662	22.331	4.6
16.4	19.036	4.6
11.641	24.454	1.8
12.227	21.525	4.6
18.157	20.427	4.6
8.3466	22.111	7
19.036	19.768	1.8
15.156	21.745	3.4
11.861	24.161	4.6
13.618	22.99	3.4
17.352	22.184	7
8.3466	19.329	7
14.57	21.233	4.6
13.398	23.429	7
9.2984	22.697	7
10.689	21.306	4.6
9.6645	23.722	4.6
8.7859	25.04	4.6
8.5662	23.575	3.4
13.252	24.088	1.8
13.106	24.015	3.4
17.059	22.77	3.4
19.768	24.82	1.8
12.959	19.622	3.4
19.622	20.281	1.8
8.2734	21.599	7
9.2984	23.063	3.4
11.422	23.942	3.4
11.568	21.525	8.4
19.402	24.893	1.8
16.986	20.281	7
14.497	24.088	7
11.129	19.109	4.6
12.813	22.624	3.4
16.913	19.329	7.2
13.252	22.477	4.6
10.763	19.915	4.6
16.4	21.672	4.4
10.982	23.942	7.2
16.4	23.283	4.6
18.89	21.306	3.4
9.2252	21.013	4.6
13.032	21.599	4.6
18.67	19.256	1.8
19.402	25.113	3.4
10.689	24.527	7
10.177	22.697	7
