305793
302839
97553
165028
620
167519
303625
4171
3546
297575
91940
1619
166413
162308
96880
92355
92955
163828
163041
95371
161022
97116
303448
169977
303555
298421
1749
9381
4743
84878
95892
96346
164758
6085
96630
298712
94590
163987
2734
107253
97216
95563
1970
92710
166129
95176
92559
391912
90529
5426
91678
167375
164783
163142
5129
297591
159189
2658
166097
300184
299444
93944
96231
6590
302356
91927
288766
163376
80314
167250
165918
164393
303291
161579
96326
161592
91342
163028
166121
97501
5226
97471
164156
358
167120
300469
302440
163568
302549
297954
91274
302038
95093
302690
4651
165847
85
167683
200
83789
298020
297109
291175
3157
299481
288503
605
161795
161761
93732
300757
96093
90047
5065
93239
1020
92180
18049
162422
299772
297059
162257
300249
161901
297930
94842
169679
163574
4008
92573
163525
296904
101880
93809
1881
303147
2314
301253
92344
94175
80697
165883
96645
301606
5701
4075
1543
301246
167004
163059
6210
1261
93610
299765
98362
3188
386919
166671
97340
174908
298989
303056
95146
165352
165624
155276
310606
94361
5842
302974
91669
298497
298674
167632
166690
390588
299456
1572
93648
96697
161654
299082
300882
3784
93295
82249
96186
301351
300216
302537
300586
301502
297489
116
181
166623
2580
3034
5847
94982
95169
300507
4391
2874
298438
165337
91968
302818
162805
297142
96636
165583
299954
298038
163552
94681
166656
302007
2474
94336
156799
303378
297333
302321
5294
178326
5991
167009
164266
4560
13938
161402
94747
388574
163843
163588
161360
301834
165201
162352
87504
301661
166270
92926
301088
95462
300660
165973
392317
6029
98183
95825
4049
303600
4846
162781
4089
161865
85009
2662
95668
315082
153238
93833
96289
166915
164207
91144
166379
301803
1834
164547
301145
167730
166453
96077
3947
96916
286320
163902
164637
301883
6078
91633
53
1131
164488
2378
298306
302031
161445
91262
297559
302561
95810
95401
91228
2695
297104
6491
162793
301726
155787
163416
166049
162627
2159
6262
93457
1413
299201
300158
857
1042
96957
91181
148781
629
95435
3904
96830
788
165481
167059
299624
91647
94951
95418
