96680
5678
302265
300760
164038
164351
88292
2863
93486
91655
97724
297608
390982
5430
165045
175768
106152
164493
302186
165028
164410
301467
164573
309556
166735
297851
91469
298182
302769
93076
179
92104
167690
169552
91877
589
4457
1643
297160
298878
90304
626
297539
303089
4464
165083
164292
163669
303538
4203
97621
299649
97352
298483
300967
303147
302444
97462
92847
2623
165089
164963
162229
164608
670
96758
95914
302185
161601
166402
1311
178559
94855
165705
301833
93407
361
3228
94997
303479
298208
92004
92229
93569
164677
164406
96951
93837
302827
164765
427
93051
3469
161176
92914
289196
7
162204
556
178509
164465
298438
95956
166297
97701
108778
297994
302673
97631
95089
303257
165167
165616
287038
68
5901
2797
156156
4256
299484
164015
3517
96569
