91663
162490
679
163628
299063
4979
157024
5547
96756
164013
162128
3202
2275
161414
1219
301714
3373
4493
162532
299375
6040
165932
92220
94906
92564
93366
5960
161847
14616
94752
96850
167471
162706
302299
161567
297660
96098
165413
300546
303426
166120
302923
97657
6177
297714
4930
299877
301030
5720
298648
4377
91341
4928
92675
91204
165092
1696
299134
301775
164949
159343
1789
296952
165589
301468
96360
1150
5289
313074
162224
297686
2703
968
96393
6436
297988
3194
303155
167444
167743
299466
447
300874
2532
301073
297429
161341
301199
94697
93160
97136
96435
93038
94121
301090
94551
302624
391654
96214
700
97791
314030
85076
299900
97331
300258
93567
95226
93992
163299
3183
161739
3328
3696
97547
298568
298963
96872
296871
164171
167478
92575
167345
92230
3587
302499
93650
95998
3892
297360
162941
161772
308013
92971
92666
5930
301039
15416
109215
103376
4326
303540
97726
2686
97637
298306
297649
164230
6025
165741
303303
386191
989
6372
1384
162796
93083
1900
297077
295646
311394
6585
2969
162569
94255
86945
16174
164861
93748
162469
6031
174337
300233
93494
86464
301342
315759
298106
303224
3090
1664
296923
5162
5278
302283
95824
2031
301979
303349
163775
91379
1908
618
95489
162578
166519
301661
297771
165294
96706
91348
163635
95158
301646
93052
97149
94524
5314
91856
299679
103481
300767
298164
166763
1294
161679
302419
300794
93085
291578
470
95541
316265
2156
322403
165643
94892
303622
299662
94615
165531
166280
4289
96562
5250
176005
162949
300122
89937
166216
302944
92803
164959
4138
166296
152310
303212
163817
167822
161024
3842
163116
95871
93963
6607
97563
301684
165207
91478
316087
291283
163159
164173
94878
167178
298813
93850
167299
162627
163948
2213
297591
296911
291492
164364
163543
629
298424
301950
96841
163472
17046
93282
167180
4283
299897
2299
96288
178105
93817
94989
97401
298205
95603
96949
164819
165780
92095
300309
166144
165735
93197
10434
300444
166595
296807
93410
166989
288297
164598
979
297374
161838
92560
163169
11100
163969
5593
91774
156748
97317
96156
380701
295683
95632
6354
164212
1423
