297599
160958
6206
96026
303310
91900
5212
5204
166601
2763
162800
94077
17472
306906
97509
166910
167393
164603
96133
167593
92260
316206
315398
5912
164573
298349
165040
95308
301857
5090
301080
92122
250
762
297122
2637
299934
301864
5824
161414
95650
174489
163211
302808
302303
94822
161875
2315
164103
303018
1531
167440
300964
94766
166318
678
161532
168170
162443
93425
165708
91300
155118
162763
2038
166710
163427
3426
163332
4444
1813
5881
4474
287441
163392
165022
303564
165026
4933
92452
4011
301627
96420
6238
381671
165333
298803
92161
4705
108507
6056
94380
630
164341
97073
5395
301047
4841
91392
96256
93490
165188
3422
295479
96602
94685
162244
163065
3797
296751
95486
3153
93381
164066
4626
299289
3884
386947
93142
167219
300729
88248
4039
116
302946
2251
2632
180
95979
2805
345
91727
93871
297261
163687
164766
5461
6578
165972
79601
165954
5581
97340
302412
165118
95207
311699
92424
381288
96165
297331
95334
161778
162427
518
298333
1503
166757
300082
161970
300110
164554
97513
302086
171189
297164
487
301094
97735
297711
165980
161261
1630
300266
94313
4250
92781
289241
93679
302669
163704
4376
97588
4999
95598
299265
94320
301400
2608
94148
307
297865
83572
158889
162505
299589
5756
299216
91826
300140
91472
4297
315645
387937
166691
148421
2918
297070
162067
300929
299094
298093
2780
999
161179
166345
93691
93450
313772
95160
2401
3254
16364
5856
162602
302994
4868
6270
92476
1720
167182
161329
162745
96700
3055
166272
97085
91916
299304
95195
95730
2860
3788
163272
297953
297450
297237
298323
95084
95109
162329
2644
100161
300477
299740
165775
91305
300133
303217
300707
2415
302370
166956
165844
164389
92603
300431
302820
164283
161296
301423
165828
94811
3674
92170
91269
79503
94620
1256
165679
161885
3181
297839
1236
96711
92541
384741
302120
4845
301561
296800
94948
5052
300822
4725
167501
96188
316309
304783
162545
83267
93367
95898
2203
3310
104532
93236
302285
161856
302512
298077
95087
3121
97318
298003
299979
298101
88875
296910
670
94412
298749
164859
93591
164495
167154
2011
298821
