299450
3637
92806
302055
300323
303624
15127
161459
95264
5537
161218
93968
91320
165184
302417
303266
163615
290134
298202
164173
165545
161163
164559
88644
4816
95681
297885
162433
83170
163203
167728
162512
97796
4498
83518
301701
733
301284
166995
385430
167466
2749
93797
3145
170864
723
286423
164587
299666
301990
5369
96091
165225
94916
152375
302910
94646
165149
163930
5476
164685
3533
162629
4879
92098
92102
92014
95799
297435
299053
4158
92275
5811
93037
92757
300583
297536
166260
1401
161247
287238
154432
298683
162138
96398
93171
6120
159
7270
3171
86367
300147
2725
164297
303640
301575
5868
1185
95968
2926
1218
3629
164772
20270
5027
299066
93681
174449
166544
14167
6246
164239
96805
302818
302076
1245
4542
6329
162648
300122
3964
300181
102240
164808
300758
166319
167833
297957
95738
162480
8332
1040
298485
94257
299424
2522
2096
371
97617
81336
92242
5801
303527
88212
163793
298723
162973
299331
93110
95243
83023
94639
162988
3555
101981
1918
167268
300482
161721
163156
308914
166340
92553
161603
95030
1551
2463
2869
166501
572
5859
297003
3459
300623
166724
94826
165973
6610
166137
302883
96928
165189
4548
162606
88159
163471
387864
297076
3864
169875
298505
2624
167034
6484
167431
95465
167056
92226
204
96415
300963
660
95813
167085
164066
1875
5340
300345
164661
298449
94422
163322
4915
96288
297409
93022
162600
163216
96382
4706
165038
94127
165371
1622
2509
5092
392834
2961
299480
96006
167199
167136
3454
388102
297979
89146
163466
161801
2340
94431
167403
301731
160980
302523
97512
108204
301765
298024
4566
296893
303002
162156
164506
167293
162171
593
6382
95397
93712
95978
94036
93322
298535
300007
94990
165681
296942
94140
302769
302623
82377
301018
387209
164248
2928
303647
302551
381086
93255
5971
158339
300246
299089
303105
5255
97106
382886
2942
1847
1429
166021
160957
91758
163297
3393
298106
301213
93637
161518
165450
95324
1541
91614
164092
298589
165987
296741
164802
4141
301514
92404
289465
96058
167114
5334
166665
300526
95044
300054
95642
170283
3853
299719
93012
4468
91134
94796
297521
