4179
302213
4757
94255
731
300347
95012
181
167766
2630
8299
301313
297477
93186
302921
3705
299615
14517
1780
286498
98596
297586
91476
298470
92170
303292
382267
164225
93516
303643
302440
300633
164751
166349
166739
165362
1229
94781
95382
97621
167500
303048
6186
9207
161476
163
93555
5272
166641
93527
300833
298593
293786
300625
296204
5044
5702
303516
298356
4411
161265
164126
303202
297445
5766
651
1537
297251
93365
92283
5055
91504
299211
163760
5193
303609
163119
297113
298740
1625
95040
95430
2621
96630
302335
298200
390354
163662
162161
299275
96335
94110
162413
94833
301763
162974
94459
4643
164896
164274
2656
94104
298187
95203
299452
297766
4363
2185
296769
301473
93870
167478
166004
297134
92831
6065
92627
93635
96578
164133
164472
304442
80015
94620
164995
5260
299300
97488
299423
1849
167119
162707
163137
6037
298295
167524
165910
162422
94234
165480
93068
303220
5222
99117
165279
166870
104753
97781
359
162891
301409
5563
161553
300194
92867
94192
171573
3414
92038
109738
162354
299771
300064
3915
391838
91805
5320
96920
149767
164005
95962
97411
301002
165499
300365
2791
302829
97154
295142
3121
301064
97140
164047
92346
3966
5381
165604
97172
167137
2380
302140
304546
166390
5646
301324
300353
6460
3732
163409
96411
5754
97564
4287
161897
164532
161740
167632
300360
162670
3228
1551
97181
164510
93425
298695
303463
165832
16429
94645
162055
166489
3745
91936
1877
88869
299745
91518
81992
94591
316138
294835
3513
178425
3963
302811
1163
598
3172
171982
3600
148860
310895
17007
93026
93131
162631
105888
94056
300501
300098
301778
164382
300760
94307
301716
2738
173072
166730
92079
297843
96394
161872
657
296929
166433
179629
163678
300308
3912
162763
2363
301537
2127
301877
93930
11978
165261
298941
97733
302431
4957
164321
3283
2154
161044
11895
161244
6297
6250
166763
167110
166229
92151
166983
166781
17
6357
163264
162742
153251
92635
163342
165596
4579
164826
4385
93901
298448
162983
302645
903
167461
300815
5985
92388
298956
298130
2910
298981
91530
312862
166046
162223
301305
94892
152369
298283
93855
