162435
165877
2672
162976
320
164333
103449
97747
303273
167819
302160
164002
4866
95499
162199
303175
6053
297802
295457
167480
93297
6214
165021
300075
296931
191
94491
165796
93670
165032
297549
161004
930
92086
300784
166984
167699
3488
97088
92751
92616
163298
4623
166668
95335
2070
228
307984
162654
299252
297112
92250
95206
1109
4967
92080
161644
3722
298587
165190
3341
298648
3967
299038
299679
161523
97008
161561
166888
161960
93611
176512
165063
5242
5633
92361
302325
299521
300936
95088
151888
163568
164325
700
92671
94652
108523
165102
297160
97161
297448
162412
95737
299932
164474
300069
166262
165593
300057
92274
300276
91422
161094
97447
303570
1597
300446
164794
167296
85614
299735
167178
161965
167301
95150
165504
164610
301413
301084
95748
302485
166013
91491
1313
91283
2094
297468
165560
97213
298141
92535
165210
91452
300656
163533
313551
97476
168235
298983
163051
164181
163721
301436
299572
303339
163794
309265
94429
96058
4434
11543
302647
162559
2222
163935
97585
300070
298625
3496
3477
94609
94196
89404
2749
390731
177
3638
3881
93338
297243
301953
6416
166769
296836
4056
96595
3998
1323
167383
2835
93941
166248
17268
92009
5928
298601
92375
148
4949
154303
161378
162682
164942
92366
107310
96043
387539
869
97411
5644
97375
10123
166595
164344
162968
163713
298860
173279
302093
296886
91930
302852
93343
94466
296814
94231
91740
2441
165459
94434
95410
95995
298329
770
93151
3032
302698
93853
94962
3840
167712
299489
4927
91507
2313
162766
163315
166339
161244
1178
298003
300315
300904
299094
95378
4757
299340
93551
298180
306390
303380
96252
1853
167215
3613
341
299999
94760
297395
164622
302462
301980
95868
303946
92561
96244
384868
97105
167455
92767
91670
6527
165739
302953
6467
161761
5646
1618
145520
2883
303119
163869
168326
161982
164935
301705
922
92978
5659
1547
5158
105391
167833
217
103490
2088
297833
300650
1757
1874
165748
6025
163803
493
96401
289840
165263
301685
94169
15
298658
296713
301624
92795
166380
298163
149185
97157
296981
3332
3508
2984
302493
285629
4709
1182
163669
158862
