295814
441
2120
301315
2409
91733
97122
302748
302712
163803
162574
1021
5336
94814
3016
297033
4496
301881
96784
94248
3322
299502
836
163996
302233
299299
165778
97305
301579
5224
5435
93771
161215
299946
167026
167047
167724
91097
82340
5669
92577
92604
93400
296993
301164
96412
6578
166906
162334
165814
93123
94609
299122
3726
302365
164922
91249
303077
153349
167196
165684
163415
6414
298438
95105
106182
302121
299850
95260
167641
167806
4444
162289
92220
302213
4135
5891
303343
298494
300253
16855
276676
94031
15834
94922
161856
166864
94041
162267
165901
297447
300830
298822
3909
297176
4286
92179
92058
4743
164795
287559
3290
166057
300297
166705
5202
92556
161762
298518
161600
302436
301807
162527
5515
2705
298915
1138
301035
298864
302863
300132
151075
162862
1301
962
3505
161463
622
164464
178501
165493
6260
92191
166663
5989
167376
301445
95748
93938
5880
97216
296905
165127
163244
96298
163227
387401
296799
888
6287
300889
6395
96737
297902
164626
3645
93350
302506
297205
9496
176303
4650
175625
301396
303581
298638
163558
301796
1161
551
94495
301219
4008
91287
93926
164104
93323
301540
96172
93700
3978
165780
3419
162320
300267
302171
106617
5976
300932
97135
88713
5755
166019
95057
82252
2986
298050
94561
5950
167657
97541
95385
1426
163895
299833
95344
167410
165858
93615
1841
388433
97103
696
300114
95002
165564
297555
4944
303209
165613
299339
165248
95997
95559
5643
164076
166545
166808
2503
300206
96153
299
166117
97041
161385
300634
1571
298014
164694
166721
148541
91266
97518
92924
300683
162131
3277
2968
3487
300745
383471
91995
96556
411
93110
6091
301595
6447
162103
166553
3311
298807
5408
299461
299006
4874
1615
154426
167044
96392
91817
92128
163379
167768
302772
303271
6541
97070
85988
6406
97495
93605
2118
162075
164221
298326
2536
163107
161219
300409
299427
94275
161246
163548
166132
301902
299476
149093
94855
164631
93225
161354
2888
167381
302816
160925
167220
161787
302841
300223
297682
299363
163790
913
314103
3829
93059
1932
298361
4663
95512
1836
385360
385017
95426
300045
165600
297628
