167524
95360
297805
296649
568
5764
167205
300879
182833
164358
94972
95673
299342
302287
300421
94396
1
94186
164509
5107
301123
911
300076
161830
178118
165649
150
299386
298442
298885
4066
175066
163238
161034
303407
164934
166151
96368
302905
166479
16606
96288
301242
162793
293301
3262
167199
5073
92886
167542
164813
297770
3933
1198
95191
6074
161801
142498
297192
213
92023
161168
163652
95100
294884
1401
96067
7667
301414
296847
166029
167258
3056
298832
163120
4650
301766
165471
297149
91166
1411
95247
96640
92719
9447
302103
11564
299918
301807
166051
95266
297666
6332
163576
300413
93608
100185
101938
302551
301676
94549
4411
1778
92153
166350
2734
4765
102522
163498
296841
165488
297958
6357
296803
301298
302281
289763
4967
165968
95082
302344
171151
165317
167224
163896
161666
162831
96707
94325
300462
93153
162592
300507
300583
697
2682
164127
166781
92421
156928
302724
4668
103788
96883
167626
299402
91397
150550
300735
87237
162137
3726
106580
1260
96022
94751
94271
164262
95752
3411
88839
300746
297261
91112
296984
5830
3610
165829
96697
91923
370
297741
163885
165425
95241
4937
96610
81583
179882
299127
3786
5260
95614
1217
167034
163690
93093
105775
165101
9625
302950
303268
301187
161438
302009
287810
161905
304722
303443
3818
165251
94373
163300
92406
162294
2784
94737
303157
3619
92229
302109
302816
166534
93823
3630
3699
4081
298315
92273
299376
95626
93785
163067
91648
162929
297018
4309
92653
94679
162146
167659
97540
313032
297533
1571
1493
93592
97292
163768
164700
165528
167142
5287
384422
296854
95451
96120
298082
91799
303086
1982
5573
93599
162038
297319
303096
166593
4152
298767
300046
287228
391466
299250
3318
163461
301830
303193
4229
125
93901
93436
735
95652
297103
163386
4288
302569
161358
2378
3891
301744
162551
92806
5626
299647
94618
91811
164605
5996
303487
1686
163944
185
6391
6384
5714
300063
95025
4662
164176
4504
299046
166608
300346
97630
91321
4944
97200
5617
303503
290794
166833
426
161045
162539
166418
98638
5574
161100
896
298802
92497
161511
301941
302803
297606
161197
4941
