93263
3171
300841
303408
297490
714
284864
95658
167344
303228
92591
95150
301757
94108
12178
4062
299563
98887
2156
300123
302747
6116
303207
166103
164468
302110
163138
298065
297602
161621
297928
5789
97536
164935
300417
1256
2907
165200
92239
809
177221
301520
94725
166971
2261
6548
2565
1464
2737
303035
290456
163061
95509
302417
6363
300188
303404
165134
166995
16521
94133
105084
92275
166489
301182
5505
297329
167652
298925
165392
4773
299051
165782
94324
6333
162742
96710
162186
96948
301768
1637
97046
5972
2054
3007
91093
1976
5920
296853
296771
165677
164358
1597
153140
96055
298801
94319
92754
163854
82492
310523
93255
164768
94901
92173
3533
162065
272
4453
241
1375
167266
164174
93780
165674
97160
163852
299477
297940
162162
302127
4153
149704
300873
163152
2804
162839
1262
1504
1919
92765
297560
92961
91421
165938
299778
95944
299391
309964
174523
384552
5363
165186
5154
300599
301741
388582
4962
162999
4799
91704
298214
4769
92154
94311
104
297093
156386
166922
3080
96701
161361
94493
303505
91305
704
97632
94570
91916
91338
93142
96023
6041
96318
161499
93478
166705
300007
164122
88613
180264
5773
166653
300195
297453
301969
303015
2003
301777
162368
93156
5418
297783
302382
300915
164530
166226
166507
95774
4273
297080
302149
165696
296752
165405
301266
302774
164938
307028
94999
96336
97437
299706
96357
6185
312131
166763
172199
161122
2662
163345
631
300577
298212
297119
3269
299076
164750
303424
167484
162154
298444
162599
299970
1008
299357
93862
97
177506
4541
5254
162888
2589
160993
105096
91332
97186
3784
6150
93239
167075
99115
299255
390575
163469
298031
92728
166771
313
164878
94210
3109
3746
4208
178599
3454
95391
86389
97704
4614
167801
91669
95683
97065
161595
166985
301291
97134
165451
996
96637
296800
94927
9012
4288
295819
298228
94718
637
298703
301433
163053
167406
299615
163040
298914
92486
94375
299593
97716
164592
4971
299601
300393
167249
98385
96168
166372
300490
95186
94814
302355
96077
166027
95362
166801
301000
163706
166917
302600
163392
302139
6394
95761
302931
300991
166748
298426
