166906
303488
315082
302197
9394
302768
92753
91294
165176
166523
299611
303147
3394
97225
97468
164833
16712
167073
297109
4769
95340
5711
4314
4726
4711
301053
163822
851
161732
165084
3037
164990
300194
303402
298083
93096
103038
926
161628
299265
302086
303359
165791
1806
3629
95952
91977
94090
93093
292515
1700
303014
94464
1210
91932
95279
300637
166826
2650
1128
161316
1156
297643
1631
166474
302796
92502
2536
96465
163965
303215
5311
99492
91127
162236
383402
97125
161169
91711
93399
296942
2680
300667
302326
91513
312347
300818
162291
163567
161740
158755
161773
298565
4064
93265
167209
297744
4839
92427
302266
105170
300151
5925
3857
176802
6008
164823
1183
1189
164006
301589
97003
297446
311936
163914
312060
91317
300033
96677
3847
4288
297502
1989
300824
161988
5115
95993
94353
163350
162831
95142
95501
163528
92711
298665
94823
167284
167527
391
91292
5151
166446
427
96694
298069
2038
104858
93389
300801
6613
3044
154121
92113
96881
4977
162181
303589
298235
299909
299630
96122
301119
2243
4274
165172
167257
164934
389181
96488
166103
95615
421
3738
167802
95851
94343
167997
99837
391211
165824
298516
96004
162575
161568
302188
91909
177444
165328
6461
91405
301559
93050
454
300760
93746
166810
94930
97100
97412
299101
1364
2923
3033
3303
6521
3175
109271
91645
167584
163117
297883
91522
297517
299028
302893
301150
92014
301299
167370
165235
164600
302227
167009
298161
2475
167578
162902
302855
96234
88829
93548
6115
179473
168458
299464
97481
3513
97438
301800
5972
167613
162200
164158
93206
162324
547
300308
11372
5271
2968
857
302657
302839
97363
93176
96761
94793
300381
6542
298305
163346
151725
1615
2297
301931
165441
163586
3851
3673
301096
301575
167661
287143
301482
297045
145
161401
91613
166057
384667
162789
300875
95709
163737
164552
93755
162531
95208
94804
6035
302072
94953
93917
302289
163989
163071
95273
297351
96895
93593
6360
95897
165860
91609
164285
148589
1085
297841
1208
303439
167188
1715
161441
296917
166690
162014
165924
4852
164443
298899
297640
302597
298363
167655
302989
5523
165575
3617
