97754
176648
166678
2127
4397
4213
2673
300754
2568
3121
5583
299899
92061
93596
161663
302256
94375
97361
101373
310028
97281
94456
299246
91421
286217
93004
91383
355
167541
298086
5558
3403
93612
162446
413
86103
175
95657
161814
303403
4230
103615
299957
2219
307342
95019
162031
303093
164495
299520
2755
94953
302954
161212
4650
92200
137786
167450
108808
296303
298629
301873
91531
299936
304704
103105
96623
170059
96399
92051
96588
3356
14784
297032
95139
91258
164721
2974
107423
298656
166653
297411
165331
198
5996
298571
299817
301928
91869
166436
97395
303555
97583
163970
2811
296971
300232
1726
3673
92886
167712
165429
298416
297658
298092
5331
165318
96680
297112
5837
1528
90504
174314
161468
96694
161891
92247
96614
92019
85578
302484
4438
166195
300938
166733
301921
4569
4807
162879
303190
262
298967
1192
166040
165149
93350
101004
164470
96868
6456
97730
91516
164952
167253
94275
161091
163150
175085
6194
161825
3351
94643
299499
296682
297402
84005
300822
99559
175549
2591
167172
92615
4630
302334
3346
96556
3891
301735
92839
94190
303640
163395
93330
729
104977
93467
87119
94265
298018
387029
299222
165381
302819
6202
303493
173213
298292
166354
93861
297673
162657
95207
6265
568
5900
95968
98602
97512
162625
93175
702
94616
297649
6354
164163
130
95443
2599
165133
164930
296816
167122
297099
301530
879
1803
5507
167361
298853
3141
92308
1808
166358
165585
97553
839
162369
2116
16122
161539
1889
161080
164417
300418
300404
3497
96384
6583
4348
299943
163238
300990
302417
1736
96815
3758
161789
163862
174255
302498
166487
163167
13720
161165
300296
302724
1399
96072
4805
92677
97205
92206
298686
302524
166089
300584
167695
95833
5152
302507
92706
1717
3651
303434
297145
92431
300283
2515
300744
3487
297965
162605
167468
297011
3993
95070
94062
167741
298680
97522
302279
1287
163569
165747
605
163181
297247
304129
153864
95309
167106
301258
301521
163992
164733
166778
298113
164681
6403
167230
3234
162345
92985
301037
162188
93852
286819
91674
302576
91252
303530
299066
4744
301183
6483
91958
148773
165480
