97380
299899
387738
382656
3240
97148
735
302657
154121
3385
298820
3663
299116
166096
299859
93720
165461
94826
94192
4170
5483
13825
155383
165312
96984
306642
414
96660
297380
300374
161625
107105
296920
162115
93000
4988
3937
4536
298589
299045
176053
298308
94702
299800
95755
294007
2985
92566
91174
166007
167002
302747
5934
299295
166411
303591
91736
164554
3552
2496
96872
97270
95606
93893
2197
2366
166681
91214
167315
100416
163483
97006
165026
2137
95918
2692
96514
161167
150
96044
92147
299024
161118
6499
298823
4007
161050
1307
91264
2228
5175
91554
301118
161601
692
164166
165792
92988
92427
298099
94518
92965
92100
164546
380883
297472
4895
96407
305423
962
94616
299654
95598
94661
486
298295
93098
94410
6196
297626
290347
91680
93686
298499
3786
298115
167440
92583
167147
300869
298835
95026
3368
313765
162639
300638
163620
289793
300339
296825
94133
163969
167514
162991
97071
303397
303303
97474
165575
5826
297611
303464
4359
88634
94138
302502
1324
92286
167035
91474
162029
92454
92700
5084
297183
168633
5534
301386
293182
154175
96987
300131
165249
4027
94462
10345
303071
96908
297007
165090
286
2702
5349
301553
162085
95114
298629
2848
164251
162557
301195
303063
303661
300660
162967
91388
3590
260
97607
303327
161463
300849
296816
93072
96121
302767
91728
4887
165387
3895
161144
93571
164531
297014
153377
163174
299628
1322
164466
94810
99746
94992
2770
301540
162444
94179
706
166799
300355
162112
95495
166426
299373
6577
93309
299510
95218
298490
161853
93141
162629
161993
301871
93663
162336
166176
166036
167616
162603
3221
384019
302473
95845
816
96776
163463
167688
3229
167076
91302
157186
93980
6255
2252
2615
164697
4802
163076
86417
162813
302419
301069
6546
5897
298381
1821
302490
300893
165743
166303
163856
167008
158900
161121
92309
167599
301421
162002
96378
95099
166874
302007
388180
303056
163006
165859
164794
302910
166664
5889
163430
1903
96924
3277
75517
3061
4276
91551
296662
297483
164084
91947
93768
164569
101203
160946
164689
293488
84083
313438
302185
4548
161917
423
164072
300575
2315
85614
