95337
93328
162829
164490
95078
298845
302635
167340
164884
5180
4828
163646
296695
161374
82216
312505
4362
95168
352
163158
92016
88579
4039
166202
97363
1606
165501
297028
96834
310186
5512
92888
301590
167732
386692
300532
3805
5819
104900
162610
166604
3158
5972
165557
180094
297292
300143
166011
162618
303104
302123
163368
299663
162541
302886
962
97740
299786
166901
161670
163948
2826
298266
96686
3986
298500
97030
26740
299978
297715
3744
87538
298671
92751
4687
95891
389578
164295
93687
93985
13171
162017
101441
163295
1003
515
301194
107905
92773
299260
164266
160960
303112
301743
300870
2418
91790
6274
296672
93969
95374
94847
298407
296997
163312
164734
303421
164209
296684
163023
384425
300406
1250
303722
300447
1696
2586
91563
555
3614
94689
167363
162139
298411
95046
92826
301923
301335
310873
167017
163882
165243
163824
298064
303147
164330
2050
2782
4895
92589
303430
1437
92832
97307
94962
97570
4467
164429
301153
2516
166870
3904
166996
300685
97490
93823
161424
92104
300024
4149
3235
95150
166520
101152
298146
95725
113158
298985
164929
1128
299496
97233
303437
94294
162128
92925
1138
166020
298093
301443
97664
93402
97148
95231
91530
165853
163933
299775
167274
300603
4394
92258
161561
95636
5062
297860
3497
161098
91852
293978
162851
167630
164558
93948
91386
96964
165520
5617
298
3441
392282
163438
104448
1040
165070
164484
297581
299991
93037
302212
161945
96714
296653
96247
1868
285567
301820
94992
301305
298817
166574
298794
163277
2284
166026
300937
3009
92651
91200
168113
161777
93183
95143
298152
299177
2848
166080
161431
157349
300703
6441
165231
2167
164966
3241
300856
167949
89489
299045
161274
300107
162408
93638
5321
166007
107620
91520
2339
91775
300380
94126
96183
299360
301731
161508
5811
4169
91535
91494
112
165117
362
284363
167759
5759
161090
303250
4265
299554
167505
2231
1626
3272
94215
165552
915
667
298458
9844
165656
1357
161340
163941
4533
302658
6155
161837
299867
6292
161072
254
288250
302191
3484
166736
5995
302794
162115
95324
91695
298600
4772
297384
166791
300396
302944
52
298939
