299636
296727
3248
106637
165091
1619
893
167829
96832
302663
297948
4085
87261
96582
300453
284
96430
164903
299880
80878
5860
3761
165411
296824
3760
163619
94111
302576
90854
961
296875
3531
167734
97289
2989
165
391747
165453
301193
297074
301363
382938
94876
167425
95848
92852
161408
164822
303445
91182
91881
92555
2624
167532
297091
2356
4736
161641
97393
93989
152816
166700
163129
1962
8306
93034
96606
93917
392598
299516
95856
162230
164810
91807
94988
97152
298805
300669
297792
167271
165916
2249
299148
17083
102978
301030
97124
1611
93270
166270
92319
2604
297975
3290
13613
81774
301684
299697
95445
4894
302367
92236
146729
6582
87
96358
5755
297458
302347
2225
303109
289824
302758
166850
302050
96546
301236
297120
303320
302596
300682
97316
4498
95610
302392
296806
167506
93365
1361
300131
96087
163455
3798
97164
299566
790
167335
164020
3859
1186
93879
301472
167402
93322
91313
301014
2972
299203
308411
868
166099
95971
298488
148878
93594
96823
287639
91773
4129
158261
91200
302990
91328
3570
166357
164499
167192
100506
4792
299762
301142
163823
1601
2712
94658
166745
299929
162189
166970
96032
97568
92089
302934
97464
299876
4165
6470
161814
299486
95798
149393
162485
160973
300824
95250
297285
96135
161504
94859
163551
298638
162670
164509
302754
93854
154425
14951
5072
4228
95480
300341
94373
162387
302401
163380
301775
92991
95752
298794
81497
300336
166334
93334
159624
164920
10228
302293
97734
6364
1206
5750
95293
160548
3602
96819
167080
303509
4459
1200
162978
299654
530
97047
85993
303454
304473
2305
97401
298439
92390
293255
91346
9465
2932
167786
94346
2012
93315
4689
298473
1537
300067
162974
96934
969
94400
608
2641
3411
342
303138
161908
94647
165307
5472
93166
165932
4960
95627
164754
166
97209
93572
3991
302630
444
196
302285
303483
6049
298524
92871
93550
3363
92350
161495
298110
166679
298920
298849
162488
300619
162782
299099
1078
92211
161998
11965
97282
167251
91461
6014
1949
297435
3354
301515
2172
95045
166345
101100
5307
6336
898
299406
96931
301279
1025
163116
