162904
300981
302577
91324
96342
1619
165230
298102
4589
167072
301236
302589
303141
97437
299615
165005
177174
95445
2471
302936
96622
95339
5147
94495
162002
5759
166223
167045
301898
166601
91523
5365
95422
178586
93243
97678
94826
96439
299654
188464
94887
300031
95541
2991
95669
92413
296998
6793
4436
299285
91198
302350
2186
4291
4364
163325
2544
161648
92464
153280
17995
162220
298841
163442
165625
161971
296778
5378
298367
167023
162352
96694
301358
302816
167061
165502
298657
300858
92143
3440
164744
298797
298416
161500
164951
166480
5845
96544
412
96106
299843
83227
302197
297688
94164
162725
390464
162046
4922
302156
107147
95836
164577
296703
91606
163131
95740
93947
301975
93119
163791
161438
391758
300486
297077
167498
299078
298959
101560
163174
1433
163405
164938
1983
162083
6455
4106
97141
297956
1662
162180
12088
301159
1754
300659
1125
3010
164263
5975
163579
12
92526
300830
736
163583
298804
296976
303042
97558
164822
167343
162010
301601
296692
296461
162576
163498
165679
4450
23663
301728
94085
95700
386328
297351
93876
5073
164461
297155
300153
299204
97540
165257
298343
94514
94313
300228
3736
260
96513
4455
6442
51
303072
302844
92560
297207
167801
289931
104710
300088
6082
166166
164722
162880
173171
1801
2840
299740
167513
97264
164635
162761
93763
165080
301531
166392
302
91259
432
298827
5724
166990
161421
95957
153921
1137
298822
166750
97315
390533
161835
849
300749
167588
100666
4419
299161
159965
96786
162387
166340
3294
165816
300513
3716
302600
96218
4693
4069
173288
3279
793
288233
161118
391699
164200
163903
162313
297924
161591
97776
2380
3889
96103
29
161167
109435
354
93197
287745
301630
4720
165059
4075
297490
300932
95156
167228
162801
302116
581
297183
299759
3917
166101
164249
91179
4119
302634
1314
287397
93140
91222
301216
298852
96821
92936
4468
3363
3423
101864
166828
300684
384579
314624
165372
92151
93639
95121
1921
97369
81493
2040
297315
163196
5852
822
5132
151459
1386
91849
297131
91749
161233
301314
165240
300596
3079
287156
5693
2291
302178
162773
95040
94456
298909
165725
