6459
298406
91178
298292
6226
162617
164073
443
301673
1854
161211
165462
167664
101599
608
305972
166823
4449
161001
107152
109962
5866
94913
167643
297564
85272
299646
303152
6471
163354
1932
301760
1253
94758
2589
5449
9753
298176
13554
303480
97274
1731
1493
298469
92128
93781
4856
93240
166649
4507
2158
298941
161933
165220
96322
91489
164122
301321
3906
161923
91088
93990
2760
93264
163376
298740
92716
163626
316205
179203
166361
5277
300868
167825
165162
300830
178924
5565
300924
1499
970
161425
300331
297355
692
301484
91494
303579
163426
299951
4361
97103
299388
176094
166005
802
162561
92172
163321
166852
297028
2884
163112
95868
3206
301958
3658
167397
95151
96968
95214
659
164615
5386
301202
298751
2272
297750
166688
291464
164746
6072
2871
164956
4559
298506
299451
157516
166863
158855
2362
92158
309778
93468
297905
97366
93919
2643
298773
302680
4239
302257
1860
302403
92310
164808
95944
3475
95100
3122
6429
166641
297115
92706
3999
297040
161030
294185
4594
303315
166314
302878
167237
5202
97443
165266
95314
321
165352
96941
163932
166562
5061
95798
96313
300652
327608
1569
166715
159624
299231
2535
302988
162406
4094
163458
299985
93458
93108
163994
92481
95415
6615
1598
164640
380948
302478
300468
96198
6367
92371
97420
167483
94590
302362
162916
298918
96465
97791
97502
4067
298129
96614
166707
164608
303347
299973
95509
179341
90008
97144
297352
163649
2040
299702
302778
95605
95723
301698
2605
300155
91982
298850
94797
592
5458
91361
3286
95481
95009
89238
244
91416
294801
4871
298247
297633
166434
299097
297419
75
167111
2739
6021
96355
165879
1634
4653
303202
165840
1484
92424
165891
301547
300475
162123
92385
165587
302134
298722
166289
301236
4671
1047
164249
290333
163242
299798
3588
5665
162595
168031
300338
161607
91404
298005
302071
96779
165134
93761
5403
161138
299020
93182
314982
300914
94185
91113
392122
97249
303055
298718
12681
2337
96931
167721
94570
149124
105771
4808
297445
96580
94058
388745
3119
162630
94182
1428
5213
171613
301583
173874
166136
290021
179665
96235
296915
300701
