247
163458
161393
103147
157599
92808
299227
3556
95878
6272
105628
911
381051
1921
161379
97180
291073
3125
84644
95082
302577
298797
299147
161713
2773
165747
94803
91526
302125
4693
174565
161951
93883
298814
160944
299860
302162
4533
97359
747
4888
92778
298030
165216
93955
297748
166781
300046
97613
2819
91893
5997
299241
162163
91412
162295
96443
165843
97096
96280
483
4667
302501
299065
162336
300738
16461
93715
91113
162483
97526
3853
92088
2749
164425
163465
166964
176049
91301
4981
88140
163491
3231
92338
5349
91452
2173
6032
162593
1819
4162
9697
3018
4513
167769
298148
299474
91496
3542
4800
103955
97080
165776
163305
164428
301244
297119
297320
165399
165567
2516
298300
296868
167065
167640
4265
2768
5282
92324
91375
93305
298234
381312
6358
163344
94489
299885
298400
92925
313253
96592
13713
4249
94744
166853
299451
301947
93836
4527
298616
16408
299009
300430
159543
7097
302986
386553
300186
297946
93539
5149
299121
95314
303289
296980
92074
82927
301230
156690
300304
1960
161056
389589
161480
302694
93627
301938
166522
94324
82020
176717
96741
6103
96904
91801
5905
384122
297727
97014
297079
96006
95831
165662
2247
1183
164447
3720
162668
1159
93060
164801
296877
4753
301706
3831
304812
302134
166168
163063
95184
97509
2163
94306
3355
385948
162333
94755
177510
91863
95608
166180
5741
5204
161113
95484
301137
165016
379
79277
166348
2467
162498
161082
303149
167276
3414
167158
162129
301150
6050
11157
166610
96841
167126
164015
161407
71
167633
94413
97660
301574
303049
165143
392429
303454
97026
165965
97371
164482
298642
94555
1778
301542
301509
5771
825
6411
1250
163776
300108
298843
314182
1419
303277
161409
4453
165364
301526
94987
164989
301021
164158
298252
95011
96158
96270
164823
164670
95910
93221
93391
755
3403
166661
4151
894
4074
300672
6451
300842
3092
302678
164363
167555
5368
92544
2623
171217
518
300030
3928
93806
163340
167672
5419
161787
309466
1340
298394
302593
302657
2053
161179
164069
97512
2285
88281
92160
4540
297442
297847
165530
165348
303375
95925
303172
295705
163758
