139286
140445
129620
119788
136445
135609
135713
138688
110235
133389
135246
162966
135048
124806
134911
145214
137463
136703
108867
128554
141570
124315
144007
130576
123026
141015
150383
138579
130186
148638
141723
133013
80146
141530
137687
134879
134570
140554
131131
134145
136647
140806
117132
116342
118900
132092
152304
132280
131597
130743
126314
130681
138858
133551
131627
140775
115984
102476
131295
128749
137083
133922
105911
133423
111986
131903
132066
132629
139395
139518
131260
138469
184362
131433
134860
137872
133024
148628
137377
140394
138137
171651
162594
119216
135671
151910
133896
122733
151870
132578
122397
148777
137030
150769
133472
137654
134328
147127
135448
139845
130388
135599
140227
131723
130959
147219
133713
125222
123896
135771
136857
148364
140073
136654
137711
144992
138490
142777
156197
150565
132986
135021
134514
