125908
112062
131345
136280
116892
149288
130828
111917
130675
147320
132584
113935
153817
141758
143650
137950
117001
140660
133728
185622
137577
112085
135158
135348
133502
134462
134025
140324
136474
132189
151140
141072
160624
141812
138737
139631
138427
121855
136965
148620
135027
134234
141590
131754
137883
141510
114758
137592
138853
140574
131221
131554
136692
131500
144647
152838
132611
135095
137152
138261
123600
139681
133752
132912
149994
140470
133544
134378
139836
138841
129738
124405
134983
137792
135965
131061
139943
132031
130372
131694
134880
132830
140204
167814
123067
142412
134900
132748
133888
162789
113828
131363
119623
133862
132869
146332
143805
140408
132280
135718
133079
143564
140162
141751
144656
135983
156310
131835
110607
125804
132272
135181
139253
137618
135131
135462
134089
141234
135447
135719
126895
134384
151051
