131627
132306
138933
137905
136410
132530
139997
141840
136126
145718
142873
141862
121652
140932
79286
135688
149303
134330
107117
182952
161568
130798
139895
126690
139800
163678
140021
142773
134147
149134
115452
130746
131183
145514
137958
130759
138101
141020
139436
133939
149781
135760
121490
138905
136821
120632
130676
115965
124355
122678
184885
131867
137971
163137
136888
160987
189669
132542
140342
122840
135321
128335
141819
98640
138413
116776
116311
139964
120176
124330
130457
136584
137379
133666
135680
117290
140945
141405
124039
133118
123049
152510
136241
125901
135177
133801
134883
140432
133192
148921
140175
151337
123829
135897
132810
140667
129922
130469
136091
132952
125455
146362
119149
131265
137701
133761
127062
138843
137712
138990
138330
133014
137080
131933
134319
126445
133599
138907
129099
132141
136644
139419
133032
