133068
138069
140326
139151
128100
133128
130733
150115
143776
154910
132002
133535
119025
130851
153308
134184
138525
144308
130712
150952
123843
135330
132134
131786
141413
140975
132255
132274
127864
115798
142988
131176
122048
134829
134217
125724
131532
113947
134172
134245
137356
101886
137692
135506
135954
140539
135559
129305
132853
139935
134424
133969
141248
149895
133959
132829
136960
141444
140488
142203
119731
134104
145182
150713
170112
135856
138549
121720
139808
134969
133174
138841
136927
137633
137661
140390
141687
147826
139490
149337
129994
89753
136314
141851
141807
138136
137203
186738
135268
135942
134236
115756
134695
132662
134729
139757
148428
132384
138888
98197
135323
114754
141130
131980
144279
125483
155085
147391
162161
143034
133487
141756
131831
116318
136536
128962
134477
147813
139733
140649
133650
104068
162032
