132507
120399
140808
136032
134235
138825
135339
117292
135184
125750
141057
137974
135086
151238
110782
133943
123734
136424
139360
128676
139840
139052
136656
141705
131092
112218
139660
135732
138028
153098
131542
139449
136268
119836
121004
137546
132202
118232
138513
136009
135223
151201
141594
141345
134380
138684
117493
132676
137999
137867
141745
134315
120098
150572
135491
136252
163079
131704
171053
116017
135435
134329
135755
153914
133768
139284
136306
164555
143722
125149
131509
137038
141557
119532
135991
128028
133155
144092
136197
133937
130633
152280
148972
134042
130487
133513
133958
103012
141008
132698
131378
134421
126361
169309
139441
138064
134400
133051
138858
153912
152545
150241
132443
135784
125105
144512
137824
126295
159539
135987
120564
148964
138598
135388
138010
143618
135218
113799
139901
139115
130671
141348
126363
