132788
136001
131118
130510
126618
138987
134593
109337
137376
145062
150904
161945
139690
139038
109643
133206
153265
130362
116625
140749
130580
130887
137303
149629
134557
131655
135033
130441
132580
136084
132456
141854
90743
131697
136789
121965
131446
141021
140700
136304
132987
112955
132620
171374
140424
138212
133402
105971
159178
131724
136848
175467
135663
134631
135814
135088
135738
137779
124393
140754
137448
134786
131715
140040
138545
140208
141461
141828
137383
136818
130695
135516
141118
140252
139544
135785
132707
153397
104044
139589
131736
135916
136764
91769
135670
133621
133506
133016
132562
126626
150494
89753
136400
128126
130669
137247
130788
141287
138223
133395
133955
134330
123378
136360
137909
153411
132819
139391
131857
137848
136647
133116
99145
139184
138542
134375
140114
135102
167247
132592
122045
131694
137960
