139832
149164
147536
134975
139008
136260
139137
130890
177533
135297
132243
131523
94017
153003
118154
133279
137182
135750
174580
131777
162169
133199
138696
139726
162754
120252
138832
131611
136191
137362
132973
132792
135004
134759
138198
139494
136417
139054
139696
122574
131085
135753
133255
158864
130743
132585
146496
134442
132035
133290
141571
139492
136041
93304
128352
137138
133810
147911
135783
124405
134534
140814
132921
162180
132750
173843
155136
135817
132707
133973
140501
158384
133316
130978
112067
136186
141647
140273
131998
135303
142473
100245
136393
148010
130999
138457
131499
152949
152636
135335
133804
150961
134217
136337
140073
152010
132167
141169
164941
152064
131356
140639
139582
131772
133361
129836
126560
149772
122225
131681
135632
130881
130520
144140
137414
138466
134973
139782
137240
150845
121865
136354
151520
