138370
123449
135808
139391
132197
124453
119239
139757
135208
152196
158820
140559
132492
131836
136784
139682
138626
131507
128001
132205
131900
154223
139480
117194
138589
133213
124904
134852
132093
138941
138977
156254
140817
132001
132408
139847
138812
123597
139290
135458
122918
153151
109183
139541
140460
134231
130358
153487
136565
119874
157727
108044
132950
126337
134776
132579
139204
121770
137614
131309
109587
133972
139270
133265
137327
134612
147177
137553
149299
130788
142105
138085
132705
153178
123593
140450
98177
133115
126317
141156
119760
132511
130754
168120
138794
140391
137161
137487
141354
124208
134857
133770
133393
131096
136639
145171
134044
137357
131493
141447
135438
139165
135639
132538
140046
141407
138710
125699
134860
136558
180952
140578
143410
133192
138274
139901
123268
149905
140491
122057
165463
162478
159754
