155006
147968
132740
135734
122225
139390
134210
137567
132832
138357
140388
138087
134108
185248
137073
115905
133022
136150
124331
151051
140026
141649
120820
139539
132288
136756
131176
154032
166900
132311
149725
116711
131629
138073
150220
133215
137387
131164
132595
133163
131433
134729
122987
140860
170864
134725
132104
132213
112621
120406
135196
131212
130639
134658
120543
66735
138011
141322
133692
140780
133525
139713
130861
130754
135454
121907
138915
131324
136998
140357
132524
118367
135713
131579
137642
134166
136764
141011
138997
136482
136560
134648
131571
139720
130537
138100
115661
140152
139902
162771
132507
135742
133507
136069
112845
139166
139090
141701
138922
153862
131736
131055
119105
127850
132538
149935
134509
139284
133353
137940
133625
139675
130004
139479
136498
134185
124544
119311
169828
135559
131704
141723
138946
