138337
143171
136558
131100
133224
138943
141516
132906
133262
137721
139502
132825
134196
138044
158459
148906
116897
124015
130742
138003
162380
112966
126513
175751
135054
137456
134963
138974
132042
132840
138821
135254
147700
135585
139664
134702
160439
141686
141790
135567
154867
136446
135230
153071
135910
165188
133275
141294
146080
132764
133717
136241
137486
137596
144654
123489
140717
130617
140862
131455
141955
129657
161630
137298
134314
149650
151722
146721
140401
138757
135420
140016
133997
139233
134137
138744
134523
143081
128447
138924
130690
134200
142760
131942
136856
140935
131410
125967
117275
116135
141653
151601
143245
141047
139369
167739
132387
135183
131496
143977
168687
138391
138299
141288
136357
133901
120079
139865
122134
146647
100903
130513
139167
160580
136590
139695
131424
133175
138456
139871
131373
125193
151111
