2.275	8.26	0.42
7.105	10.115	0.42
9.87	6.965	0.49
0.875	0.84	0.42
5.53	0.7	0.42
8.435	6.405	0.42
5.845	6.195	0.42
2.695	7.28	0.42
3.22	1.225	0.42
5.95	8.19	0.42
4.06	10.01	0.42
3.045	11.27	0.385
6.195	3.745	0.35
7.035	9.17	0.42
6.615	3.85	0.42
3.5	8.785	0.455
4.445	8.785	0.455
8.015	2.905	0.42
2.31	10.43	0.42
6.72	5.74	0.42
4.41	6.23	0.42
7.315	4.2	0.42
7.245	2.45	0.385
7.77	4.935	0.35
8.68	4.585	0.42
1.54	2.275	0.42
7	6.72	0.385
7.63	1.33	0.49
2.8	0.56	0.385
4.935	4.41	0.42
6.475	5.005	0.35
1.015	9.66	0.455
1.225	7.245	0.455
8.75	8.19	0.42
6.335	7.63	0.42
8.89	3.955	0.42
0.595	6.3	0.42
4.095	7.105	0.42
9.45	1.505	0.385
4.795	3.43	0.35
2.24	10.99	0.385
3.885	0.14	0.42
3.185	10.64	0.42
9.52	6.125	0.42
10.815	3.43	0.42
8.82	9.205	0.455
9.555	8.33	0.42
3.01	6.65	0.455
6.23	4.515	0.455
0.875	5.32	0.455
9.135	6.125	0.42
5.18	2.59	0.49
8.26	6.965	0.42
1.4	10.78	0.42
5.355	9.485	0.42
10.955	6.79	0.455
6.65	5.215	0.525
9.695	4.48	0.42
1.89	8.05	0.42
3.255	8.05	0.42
0.35	1.715	0.42
6.3	6.65	0.42
5.88	1.89	0.49
6.825	0.84	0.42
3.08	3.745	0.455
1.435	5.53	0.42
6.44	1.19	0.385
7.77	8.61	0.35
5.705	3.465	0.455
9.275	5.565	0.35
1.54	3.99	0.42
1.12	1.505	0.42
5.32	10.465	0.42
1.4	10.325	0.42
9.8	2.975	0.385
10.815	5.67	0.42
3.115	5.635	0.42
1.75	2.73	0.42
6.51	7.175	0.42
5.145	9.1	0.42
3.64	6.58	0.42
0.7	10.01	0.42
6.405	3.01	0.385
1.645	6.3	0.42
2.555	6.755	0.42
3.22	2.275	0.42
0.7	4.235	0.42
5.075	1.68	0.455
2.625	0.28	0.42
4.725	7.28	0.42
1.715	8.435	0.42
9.905	7.525	0.42
5.39	4.725	0.42
4.55	11.13	0.455
4.41	0.35	0.42
0.455	6.895	0.42
9.205	2.24	0.525
3.78	3.185	0.56
6.58	8.785	0.42
6.86	7.98	0.42
3.745	7.56	0.42
1.925	0.105	0.42
8.505	5.775	0.42
10.815	4.9	0.42
5.775	2.485	0.42
5.565	7.49	0.42
3.535	6.195	0.49
1.26	4.69	0.42
8.89	5.355	0.455
8.295	9.52	0.42
7.21	8.435	0.42
5.985	5.425	0.42
5.39	3.675	0.385
1.47	0.245	0.42
5.005	8.295	0.42
3.465	9.66	0.42
0.455	1.295	0.42
5.285	1.96	0.42
4.41	3.045	0.35
1.26	3.185	0.42
9.17	3.325	0.42
2.065	3.325	0.455
2.59	5.04	0.455
